2000 80000
 63,12943
 89,59450
 39,18631
 45,53919
 66,42279
 69,59584
 44,56445
 7,17621
 61,56835
 21,56672
 30,61199
 20,60457
 79,35732
 83,65408
 35,65714
 98,69983
 88,75384
 82,42452
 26,46187
 96,9311
 65,40007
 15,60934
 56,70696
 32,63039
 1,64284
 34,51666
 31,42363
 55,64019
 50,28528
 35,78913
 53,2096
 69,56271
 47,72898
 100,63963
 24,60813
 60,7926
 84,34379
 37,36514
 62,14475
 49,78712
 7,74409
 79,26021
 13,39042
 2,4465
 60,15545
 37,27748
 72,1886
 4,43483
 66,37030
 25,69191
 59,41371
 45,62955
 38,18498
 40,47294
 50,5048
 34,30995
 78,55047
 78,18531
 86,76031
 37,56261
 53,25710
 16,59469
 11,37558
 1,65106
 29,65322
 94,52789
 5,76578
 99,14023
 64,31279
 81,13109
 10,20816
 74,50753
 7,41091
 61,29201
 77,15629
 83,27844
 24,41856
 80,5542
 71,49100
 12,9439
 5,42159
 95,72596
 20,45921
 31,70570
 65,24874
 58,6902
 8,160
 24,79164
 86,21700
 73,56862
 57,59385
 91,47372
 1,70028
 17,7435
 54,69074
 16,54483
 99,38989
 84,77615
 48,54638
 88,30398
 98,31063
 93,73648
 45,28780
 25,46564
 13,32688
 32,68038
 4,20949
 91,69588
 56,5765
 33,16455
 71,78105
 56,30999
 10,60395
 86,981
 30,40795
 93,45784
 42,42646
 38,3160
 21,1915
 39,41112
 8,55717
 59,71045
 60,649
 55,11284
 85,78132
 25,55381
 15,2690
 61,1671
 74,51832
 55,22462
 35,71514
 8,73118
 58,66840
 73,12614
 48,31088
 20,52818
 3,61928
 48,72321
 65,44874
 99,75726
 20,31130
 1,65573
 93,36437
 8,39129
 66,78050
 42,13290
 18,26624
 33,46056
 13,11285
 90,60452
 75,50268
 61,24999
 87,2424
 45,4751
 94,13344
 58,56327
 79,17664
 79,18795
 19,5672
 16,36776
 73,7100
 89,12794
 90,54782
 37,16945
 80,59625
 4,54183
 34,32237
 31,17925
 33,45722
 14,45884
 8,23230
 68,53860
 3,38016
 42,15771
 43,59553
 96,44319
 91,69386
 30,60047
 56,76482
 96,52133
 31,15580
 3,71806
 24,67801
 35,17582
 17,61326
 50,33724
 85,3118
 92,14999
 14,7844
 64,53320
 58,76816
 92,21314
 31,79643
 23,8883
 14,1017
 9,71287
 42,49619
 33,67870
 68,1630
 77,48204
 10,45861
 81,68590
 20,55923
 38,25961
 9,47788
 27,56881
 97,62796
 90,76047
 14,52625
 88,42062
 16,44805
 12,79234
 58,74512
 38,24846
 35,25271
 44,47670
 49,8597
 82,36839
 81,72311
 1,14728
 66,52190
 81,18156
 83,11699
 83,16898
 35,54924
 35,63731
 94,52193
 8,64814
 76,69160
 90,54325
 27,19386
 86,29491
 13,19959
 55,37537
 51,4122
 20,5970
 96,27053
 11,4362
 96,8452
 4,53573
 98,28243
 58,36872
 49,20965
 85,21906
 65,3419
 66,49450
 99,51615
 10,31967
 36,7663
 37,57737
 66,41361
 60,57574
 89,52560
 93,10829
 64,18090
 58,37719
 50,73855
 14,1036
 85,28916
 91,28874
 77,73905
 91,76702
 34,77610
 6,66764
 95,11784
 15,52
 63,25355
 10,62012
 22,54854
 38,67719
 47,57758
 69,66649
 34,11204
 33,1513
 31,67873
 92,43686
 97,12163
 1,11653
 17,40554
 65,32239
 77,16322
 16,54634
 9,78673
 73,66244
 75,52248
 70,53371
 39,16552
 43,50095
 11,54891
 90,7962
 39,1136
 36,21553
 62,64056
 64,64898
 10,72702
 82,70419
 54,34230
 25,52531
 8,59670
 25,63823
 69,37210
 47,9679
 90,25688
 99,46605
 16,64714
 7,45044
 10,69653
 8,26717
 99,2231
 70,13846
 40,65817
 66,38702
 29,16748
 86,481
 33,64897
 90,27740
 3,54467
 57,66857
 37,25466
 86,10770
 23,59543
 1,11339
 31,29662
 36,25555
 84,38034
 65,75544
 73,46517
 71,17743
 31,7311
 12,70914
 48,76952
 9,48181
 24,24000
 34,62667
 57,56663
 88,76026
 19,77699
 27,4795
 14,7668
 24,34972
 23,29846
 67,75203
 97,5466
 63,22094
 62,21560
 95,1506
 42,66758
 26,8139
 70,64887
 78,29715
 34,32110
 18,49865
 90,65710
 96,8271
 42,29834
 16,70141
 2,45639
 29,26109
 40,26794
 39,44301
 43,47970
 58,35979
 38,13504
 44,63464
 71,41858
 57,12075
 5,30273
 60,16890
 57,39966
 61,6392
 21,71801
 64,1782
 73,37845
 28,60031
 41,22928
 28,40896
 72,73761
 24,77175
 88,48055
 69,47169
 64,50795
 25,30501
 81,78199
 78,28289
 21,20169
 37,27835
 11,60269
 90,46778
 98,26480
 31,20697
 74,70626
 70,5505
 1,1479
 38,38470
 51,4380
 32,8930
 72,4136
 84,9725
 1,61484
 29,5584
 24,79045
 83,51219
 30,48169
 5,30543
 1,74377
 49,71092
 1,68523
 4,22603
 67,72244
 29,38620
 32,15200
 53,28100
 42,13365
 14,22522
 10,78623
 91,15006
 64,3324
 23,78698
 63,51327
 65,13950
 57,64591
 97,62770
 4,74698
 83,46262
 15,41995
 94,57081
 99,12441
 72,6288
 75,26047
 47,12154
 99,11801
 18,43118
 24,58326
 19,66027
 70,57758
 75,1970
 26,22306
 28,71618
 38,69413
 80,35511
 8,19396
 94,36459
 89,21407
 21,57864
 32,11672
 56,40994
 79,65500
 74,33788
 98,64343
 81,73029
 19,41279
 18,39978
 65,29983
 94,7299
 75,23451
 20,29553
 94,4446
 90,43010
 4,33471
 15,18724
 100,79810
 27,38903
 22,11000
 38,40856
 18,73715
 25,56535
 51,19478
 3,70603
 85,385
 30,74314
 14,53351
 8,74540
 48,71403
 23,37366
 40,26569
 15,172
 40,12212
 37,50837
 93,61362
 58,58298
 34,22092
 67,16966
 59,50657
 72,40074
 12,71571
 7,3835
 50,44384
 32,72939
 40,76961
 9,26609
 58,56139
 84,14307
 36,56352
 28,15136
 75,65244
 90,9870
 97,266
 3,31780
 92,73721
 28,70574
 92,74579
 79,74392
 99,36909
 75,62083
 81,8473
 94,13690
 61,13925
 75,66998
 95,78521
 82,4598
 69,73267
 85,70335
 26,40191
 3,58218
 76,34090
 100,17628
 37,72123
 95,63438
 75,59601
 18,27316
 65,31716
 18,38009
 12,53258
 55,20602
 25,22467
 52,57425
 28,33396
 89,78713
 30,63304
 66,47350
 91,7289
 57,54324
 99,30732
 20,64025
 61,21325
 1,9154
 5,41966
 9,70470
 88,9202
 67,18155
 53,61698
 24,58355
 84,6318
 64,801
 74,9507
 21,60795
 11,58937
 85,61787
 72,40641
 15,52295
 5,61065
 29,39926
 44,54222
 55,39699
 57,71577
 2,61760
 48,77335
 31,42447
 99,39880
 54,840
 95,13147
 80,6038
 97,65247
 60,53741
 69,78545
 98,6506
 80,67230
 76,45308
 94,60786
 15,15597
 60,2980
 78,18526
 99,44648
 64,45790
 62,444
 29,18845
 70,38035
 25,65700
 11,38616
 88,23908
 27,13132
 71,69956
 21,38429
 48,60135
 73,27639
 1,16518
 74,23239
 64,2489
 89,44983
 39,70061
 35,1653
 95,2357
 58,37725
 31,6282
 14,10421
 41,21940
 67,55153
 80,55934
 63,25016
 40,36768
 37,36069
 16,22160
 36,23558
 72,40760
 44,68800
 92,67398
 12,68499
 6,50697
 52,15579
 94,30594
 23,36503
 31,1929
 62,75426
 22,23439
 95,30713
 85,70588
 33,45170
 50,31660
 53,42254
 91,20794
 17,9332
 18,74647
 66,27252
 30,481
 48,17489
 24,58183
 97,63601
 59,70378
 20,65873
 49,60328
 89,5868
 23,3217
 67,65724
 48,57487
 62,29627
 98,3913
 98,62138
 62,28391
 73,35601
 66,70875
 19,15317
 60,11476
 81,68555
 16,54145
 42,56685
 16,30525
 37,5774
 28,17218
 14,53938
 85,3523
 74,41062
 43,75374
 66,3579
 66,15248
 20,3557
 62,41474
 100,29546
 83,59224
 68,18299
 55,56879
 36,42396
 95,57548
 81,61403
 50,40098
 19,60835
 16,37585
 17,57327
 85,11235
 3,63773
 1,23488
 93,33481
 13,11117
 86,54229
 44,28065
 29,55860
 76,50237
 50,70998
 86,60489
 85,22459
 49,42879
 45,29060
 92,57442
 89,39664
 75,51624
 29,54881
 8,45499
 48,40770
 75,46226
 57,60712
 7,1131
 82,70078
 77,17241
 98,73118
 85,2678
 29,17316
 2,14360
 28,28020
 29,36443
 79,30763
 65,4759
 18,4809
 29,28661
 80,54468
 70,54822
 64,73479
 25,49577
 90,72492
 43,36597
 6,79021
 4,38019
 84,59906
 52,70201
 41,77589
 17,31758
 27,26466
 32,76503
 43,5609
 28,53504
 52,35877
 3,32770
 24,17803
 55,72415
 58,21815
 42,77867
 31,62497
 78,20270
 24,73854
 99,18503
 67,28689
 88,19726
 54,56645
 37,43138
 66,47433
 64,55705
 49,45131
 32,14318
 5,61093
 14,6998
 2,44000
 56,60473
 23,79061
 25,56578
 25,42304
 31,39908
 1,70083
 70,51933
 90,19754
 58,61947
 62,3912
 63,17386
 8,19517
 14,71578
 97,35804
 94,39574
 61,4698
 87,79697
 45,19663
 72,13664
 86,1619
 45,32247
 37,6957
 18,73085
 26,63334
 95,18560
 63,76365
 48,68602
 25,26686
 73,57482
 98,29809
 75,55734
 73,2754
 80,67023
 58,49905
 61,11660
 78,11687
 98,24871
 81,28303
 68,32976
 23,30700
 71,46166
 73,52512
 16,70483
 4,75907
 15,20557
 42,5470
 31,19634
 42,64791
 23,24954
 31,18951
 34,25156
 49,67649
 14,79132
 9,43578
 60,31609
 48,77104
 21,32733
 99,73813
 22,19409
 29,13721
 33,68131
 40,34806
 63,60549
 60,48100
 71,4072
 50,49739
 56,60424
 99,64271
 75,65549
 69,46864
 45,66262
 27,41444
 43,50902
 1,28952
 80,14596
 17,49649
 60,6097
 75,11782
 81,22749
 33,70773
 45,41595
 56,75015
 90,24261
 69,20425
 10,13396
 77,67779
 41,5872
 36,52319
 30,47513
 91,4441
 67,53739
 42,62861
 63,49336
 1,69901
 87,62736
 94,31584
 31,9226
 28,8193
 9,25128
 51,69825
 62,60841
 7,41804
 16,12867
 10,44659
 99,74890
 32,44923
 43,52475
 71,65367
 2,28481
 74,39961
 19,14738
 2,4110
 20,22412
 12,17324
 58,71259
 48,9015
 15,18226
 53,60395
 85,37779
 2,75982
 41,20056
 99,51096
 47,54494
 12,57315
 92,33158
 20,9252
 6,57228
 85,25639
 26,14812
 30,19808
 31,38098
 41,48624
 28,37468
 83,47946
 8,56806
 50,45943
 97,67139
 31,41370
 41,73694
 35,22395
 67,2554
 84,32945
 85,30069
 29,15082
 4,14351
 18,73923
 99,16492
 63,58273
 28,52872
 47,65213
 99,72179
 96,24535
 31,26646
 52,77130
 7,59965
 100,62411
 73,6450
 32,41159
 57,49795
 69,78967
 85,25876
 88,1866
 77,61391
 41,44815
 31,438
 13,44610
 50,37002
 70,58717
 44,50836
 39,57482
 96,43980
 79,23122
 66,66941
 45,10103
 73,28381
 47,70555
 81,66735
 51,70424
 35,37763
 32,33290
 64,29679
 6,814
 60,31593
 48,37597
 62,76225
 35,68853
 80,60566
 69,16325
 31,7499
 49,44281
 39,73133
 8,32751
 67,57373
 98,55731
 51,67479
 91,24990
 84,52008
 88,67798
 90,62882
 63,13723
 98,10452
 15,3685
 7,24103
 19,8874
 28,39278
 27,48184
 46,537
 81,1330
 47,53380
 23,20376
 75,16765
 44,10999
 51,77222
 29,37106
 40,28271
 37,53829
 78,62436
 37,62597
 98,41095
 1,15090
 49,75210
 65,69394
 5,13811
 56,24125
 9,58301
 23,71393
 25,27055
 100,7932
 23,68263
 72,6992
 63,33765
 29,39108
 20,3883
 82,38780
 20,66152
 88,3651
 21,13026
 28,24383
 53,23711
 34,25842
 13,73137
 46,21402
 79,28481
 23,55581
 16,15999
 1,2837
 16,12467
 27,5459
 92,72397
 20,10414
 71,45162
 2,34539
 3,61705
 98,62278
 27,3390
 61,46264
 79,39084
 96,27161
 28,12943
 58,31130
 72,26201
 11,18238
 86,59659
 30,17736
 22,73672
 10,21457
 99,2361
 51,6344
 34,54339
 81,44605
 64,66548
 23,28343
 21,16627
 41,37277
 91,4402
 79,10306
 37,79994
 57,41152
 24,7891
 41,11568
 64,34457
 88,35295
 97,31276
 14,34051
 67,30458
 44,24940
 81,29850
 65,52340
 29,54905
 57,20718
 17,46852
 57,37839
 42,65027
 7,49234
 70,51330
 98,48338
 65,66906
 28,28045
 18,6789
 8,36482
 86,1355
 65,72695
 16,7044
 29,22093
 6,7366
 12,5629
 41,74266
 21,70946
 33,69219
 3,22685
 63,68394
 45,69741
 70,10602
 96,70292
 7,45184
 31,25533
 45,58802
 81,31403
 64,28539
 10,13888
 45,63814
 37,36
 31,47351
 35,76835
 68,37786
 96,6114
 28,1073
 86,13219
 89,51188
 12,5617
 19,7957
 19,20630
 25,27096
 8,73150
 9,50565
 45,54753
 76,9993
 31,5339
 39,43174
 60,69911
 77,11534
 51,32460
 72,68202
 47,14148
 6,19961
 34,10112
 48,38026
 23,52413
 30,26600
 63,56464
 15,68543
 1,32327
 86,45818
 32,55240
 40,32499
 56,12113
 96,58596
 82,32992
 38,67502
 6,74686
 100,25126
 84,5181
 52,15318
 12,52457
 43,28703
 45,40592
 71,7340
 77,43865
 41,33231
 65,26378
 89,27612
 89,39693
 24,76188
 10,45399
 66,70791
 41,34777
 52,25421
 44,59376
 95,33848
 71,73951
 61,41987
 100,56781
 97,859
 65,79821
 93,74835
 44,46293
 48,45671
 49,56451
 3,28544
 22,53773
 49,1508
 86,62100
 23,14656
 78,61655
 90,71968
 89,33612
 30,58952
 39,74765
 43,50916
 95,27090
 95,25847
 6,22886
 8,27308
 71,32426
 22,67571
 37,36397
 8,20187
 78,36615
 72,30217
 78,17248
 7,68986
 12,49681
 12,42308
 67,49235
 9,23779
 72,70096
 35,17031
 96,16730
 85,56514
 28,53946
 43,24586
 98,2197
 72,73300
 19,54238
 58,20134
 4,55227
 12,26134
 17,73802
 30,8223
 56,59560
 95,51469
 54,68676
 61,18533
 90,10835
 22,21477
 28,25085
 95,10541
 10,76630
 15,67235
 82,79377
 2,54090
 51,5354
 71,40347
 81,11847
 89,28065
 46,8077
 43,75371
 24,67102
 51,38289
 79,61802
 29,49186
 13,33749
 85,18345
 25,10073
 14,73634
 70,76593
 31,77477
 95,28312
 100,27095
 41,71246
 80,23515
 87,12140
 78,55044
 33,10688
 51,2328
 39,25183
 78,46823
 56,69533
 85,3451
 49,27798
 81,16688
 95,10272
 93,3539
 57,10642
 4,46427
 91,16024
 70,21412
 41,48155
 93,79027
 41,20762
 74,47990
 28,38318
 41,57489
 73,22713
 39,41688
 37,53168
 91,41568
 88,2725
 32,17294
 92,18221
 65,38356
 85,76815
 45,49691
 50,41504
 27,45077
 100,40202
 72,52184
 60,32168
 38,70104
 62,66160
 61,59455
 42,48436
 75,59055
 77,39476
 33,4811
 51,74280
 4,75082
 38,40527
 30,50561
 98,49933
 85,20601
 47,25672
 15,46185
 79,41807
 88,20287
 10,10816
 11,58076
 33,12321
 73,40017
 50,68071
 56,4000
 39,79945
 64,52921
 32,33306
 93,40619
 59,19105
 100,36051
 35,49103
 35,70524
 78,33966
 22,25476
 93,21246
 85,7553
 90,1225
 31,70361
 29,1733
 3,32164
 39,5141
 95,50781
 71,39071
 33,14898
 57,69092
 68,31658
 30,4139
 31,73686
 56,65168
 37,65746
 1,4234
 73,23892
 8,51660
 65,50190
 5,224
 41,64865
 62,26780
 30,48845
 67,77604
 73,3969
 66,58080
 80,57320
 84,50967
 77,35170
 92,14037
 23,64420
 54,72122
 3,48774
 87,26215
 32,65712
 62,13626
 12,60649
 90,54445
 66,16771
 11,22675
 81,78966
 38,42010
 48,6292
 88,11828
 73,75942
 28,48165
 17,53982
 94,74315
 14,43154
 25,41324
 49,21733
 15,21625
 89,74978
 81,33959
 13,65305
 67,64076
 40,21090
 75,20583
 10,30415
 24,3750
 50,73230
 84,25775
 57,76797
 6,65638
 53,39950
 23,52581
 63,60815
 34,60834
 33,3291
 54,69180
 44,43496
 66,22468
 10,72763
 1,70281
 3,49599
 56,10642
 27,62132
 68,52995
 39,22759
 57,16924
 92,58208
 62,74289
 32,12903
 65,76608
 32,44388
 78,35276
 89,16767
 100,34064
 90,44491
 94,29569
 19,22365
 56,50612
 79,5964
 82,1640
 95,37693
 86,5411
 90,24711
 38,43058
 98,41354
 70,78148
 80,32511
 80,30079
 82,31815
 63,66549
 47,13238
 92,9863
 91,62778
 32,17570
 13,75869
 16,71808
 86,79877
 75,7716
 9,32311
 3,77137
 78,35009
 82,23592
 37,37037
 9,79986
 64,76771
 41,73993
 57,49752
 97,77361
 49,4814
 13,10174
 15,41051
 47,2106
 31,61494
 59,612
 75,68001
 40,37852
 49,78563
 73,29187
 36,23739
 31,54935
 11,12772
 100,52057
 68,8608
 36,51047
 81,56078
 97,43823
 81,36759
 74,36772
 36,46450
 51,36965
 88,72108
 16,55329
 28,52447
 63,58235
 92,4868
 24,51115
 26,13834
 63,65858
 72,62633
 27,24574
 75,55806
 75,58114
 37,26979
 55,10384
 23,44793
 23,24139
 11,1591
 32,36245
 78,11207
 75,42842
 46,33362
 46,556
 69,67517
 79,17920
 94,56901
 30,69185
 55,17905
 35,25136
 90,11267
 56,16508
 9,69320
 19,52046
 85,31651
 47,13267
 100,16996
 89,46918
 88,38772
 66,27640
 28,10453
 83,71526
 8,36370
 55,18990
 47,38819
 7,29131
 64,21381
 80,73381
 11,10071
 96,28926
 99,64808
 84,66838
 83,4987
 6,67245
 8,63611
 51,40532
 44,51071
 71,65397
 71,42144
 22,16706
 100,45668
 91,38040
 26,45872
 17,31003
 59,49176
 58,33534
 29,13568
 76,18971
 2,32140
 57,6563
 4,52392
 77,33113
 13,76225
 40,13429
 68,6049
 1,60040
 70,5422
 43,58745
 75,51411
 68,22194
 30,17519
 5,7574
 52,11722
 99,8313
 75,78268
 53,77566
 21,44351
 40,51741
 74,70097
 77,59963
 21,50144
 10,18250
 99,52079
 30,36322
 92,17662
 76,20235
 30,46774
 30,13816
 82,71921
 61,45493
 5,23983
 6,34639
 56,36705
 83,60772
 43,43102
 83,39842
 89,26008
 91,62885
 32,1533
 62,46589
 59,70219
 92,73352
 71,37947
 65,66352
 67,8295
 17,24213
 75,11919
 48,46624
 88,63400
 46,30396
 31,40886
 36,16221
 76,60155
 18,49882
 39,34498
 43,31873
 51,37474
 22,48085
 8,74982
 16,16879
 76,50053
 30,41222
 34,68143
 77,56913
 25,76931
 59,28985
 68,60422
 93,34265
 32,44385
 67,65365
 55,68886
 65,74193
 96,47985
 34,25724
 94,8706
 27,11464
 17,28269
 34,72103
 63,54816
 15,70010
 66,40965
 59,2178
 2,56169
 84,59697
 45,19530
 71,34752
 22,17211
 93,15978
 71,66127
 88,4121
 84,64876
 73,36951
 74,77424
 72,1058
 28,58647
 100,29547
 24,30684
 84,74122
 73,66208
 69,47935
 19,12745
 94,7330
 5,18110
 78,21661
 6,4843
 13,68787
 71,35503
 95,21508
 36,56263
 87,77579
 82,13580
 5,56931
 91,3632
 77,5539
 44,4212
 13,5663
 58,64419
 84,640
 94,41280
 36,34620
 99,50908
 59,46998
 63,77895
 19,23215
 76,47822
 29,40181
 5,23275
 9,12448
 98,19658
 32,34403
 4,28003
 1,61110
 12,31040
 32,36596
 63,70050
 64,9984
 57,54077
 17,17982
 4,22973
 31,3935
 38,25621
 71,60493
 28,25336
 91,29227
 9,22818
 6,33169
 52,71066
 11,44701
 55,12543
 87,7580
 20,79950
 33,58862
 48,71755
 91,5501
 71,78782
 38,26217
 46,42817
 58,40434
 11,57043
 16,5934
 38,45489
 98,14674
 29,6206
 14,61679
 95,27364
 1,25392
 76,33929
 55,43554
 97,34977
 97,84
 84,61232
 95,58811
 75,32925
 40,50983
 43,15675
 88,45102
 55,47420
 11,73328
 83,78192
 71,76031
 17,78910
 9,49589
 46,64828
 17,56909
 72,33138
 57,47275
 60,44726
 48,20128
 59,45721
 82,10497
 82,16953
 86,65499
 3,7646
 41,20672
 63,69869
 76,33705
 50,79219
 66,26152
 88,69991
 98,11767
 41,20201
 41,38706
 95,78598
 82,47218
 23,28087
 22,12007
 85,10342
 74,9169
 84,45429
 92,18252
 5,66069
 59,46364
 67,39442
 16,64098
 62,30714
 51,37328
 41,30951
 68,6727
 85,15197
 47,8892
 43,28095
 36,20471
 7,41480
 15,18354
 37,72767
 79,36974
 45,29476
 99,21565
 55,52261
 11,22718
 44,38830
 95,69006
 1,59540
 98,35427
 66,9129
 14,68366
 34,70582
 64,7844
 10,42557
 92,65251
 90,72021
 23,7948
 52,44671
 8,39963
 66,12712
 31,36010
 3,52663
 71,79900
 15,3373
 49,39498
 97,52618
 95,14206
 90,71298
 86,47816
 73,65318
 30,26280
 39,25609
 99,4383
 26,65766
 75,17811
 41,2936
 78,6849
 20,3795
 82,9973
 1,5156
 71,27443
 74,2554
 20,57606
 9,17353
 28,44906
 29,34703
 57,34432
 52,6038
 36,63744
 56,26470
 8,18703
 57,72927
 66,20683
 16,76370
 60,69004
 50,73430
 70,62951
 85,53998
 31,61328
 75,78055
 99,74156
 20,66572
 92,2160
 62,72114
 2,19773
 88,45859
 61,905
 25,74543
 80,18703
 89,54287
 56,57779
 96,29157
 55,39069
 1,34
 82,20502
 55,56018
 12,46872
 37,8082
 11,10416
 99,65291
 49,72221
 70,10163
 59,26980
 54,78094
 40,9697
 100,43558
 67,77111
 27,10578
 53,79538
 82,16939
 54,10262
 92,55022
 17,36533
 82,16687
 36,76544
 92,2598
 90,77993
 6,36360
 9,50501
 100,70198
 61,28247
 66,27898
 22,3844
 56,54900
 58,21309
 27,59857
 39,43903
 74,57155
 43,62809
 70,73007
 85,48034
 14,2080
 27,2566
 35,68667
 88,47354
 20,41759
 32,32817
 57,4682
 80,18947
 2,64900
 76,76898
 32,64210
 36,32317
 26,59486
 3,42425
 70,59573
 23,53515
 19,1463
 99,1317
 14,22398
 69,72223
 96,5422
 100,45377
 71,37930
 84,26861
 71,1302
 30,20158
 17,42824
 26,57729
 92,39203
 14,46686
 57,39247
 3,20562
 90,25396
 74,69601
 21,71706
 96,16369
 96,32091
 33,51828
 90,60529
 5,31995
 98,59506
 39,25140
 31,70647
 35,79578
 33,74242
 24,43735
 30,79481
 64,32586
 23,27345
 94,68653
 99,23450
 11,74154
 20,55802
 43,28340
 12,70960
 71,37367
 92,2584
 15,46944
 96,63671
 48,55863
 43,256
 27,34900
 5,10112
 71,27293
 77,79942
 49,55465
 91,14525
 95,78800
 25,32547
 2,31507
 39,48215
 66,64072
 37,56652
 34,66272
 47,10857
 60,56658
 77,18254
 12,15562
 83,76231
 9,78260
 76,78621
 42,72701
 40,51894
 59,75243
 68,23805
 61,8084
 20,67874
 67,17214
 84,62261
 83,56857
 33,30358
 69,10710
 4,60958
 61,65610
 14,77980
 94,68640
 1,45049
 46,57401
 5,54128
 16,27459
 81,18248
 93,34221
 41,18409
 6,47643
 76,43667
 9,72152
 31,8646
 83,43410
 77,75685
 87,42289
 20,35139
 37,46152
 57,48671
 77,15619
 93,15174
 30,27629
 78,73653
 95,54821
 87,68145
 64,13753
 71,2323
 62,24313
 84,61168
 69,57151
 25,36780
 41,69401
 66,52470
 90,42509
 2,32277
 19,51814
 25,58490
 3,53814
 29,23207
 22,71807
 4,14284
 2,28664
 26,21162
 84,44737
 94,29982
 61,42661
 2,42244
 36,20359
 9,48421
 45,52847
 95,14043
 18,73327
 68,6854
 50,24984
 54,43796
 5,62703
 92,54985
 10,29221
 60,64118
 51,28139
 23,20857
 25,42540
 55,36186
 17,20670
 47,18733
 83,1389
 30,37913
 51,47316
 35,18183
 50,59581
 94,66451
 89,31875
 40,25663
 94,35076
 11,21735
 81,72124
 7,16095
 79,29493
 24,37591
 24,43642
 90,20241
 84,3622
 14,1895
 25,50010
 34,60382
 6,50905
 92,21199
