2000 20000
 14,3700
 85,4984
 65,15189
 85,2667
 30,14837
 42,4117
 17,15536
 80,8486
 40,8709
 64,5559
 28,15651
 11,17280
 68,12636
 79,12000
 27,8774
 22,14973
 5,10909
 25,12186
 2,2314
 57,17427
 33,16848
 3,9394
 47,12598
 20,3906
 4,6047
 95,1290
 43,9077
 94,13654
 23,7546
 54,5963
 7,4337
 12,6746
 77,13372
 92,10242
 56,7554
 95,9772
 93,14900
 35,2257
 65,12130
 85,9664
 41,15783
 89,229
 80,16863
 27,14616
 69,17804
 67,9131
 76,17662
 23,14265
 36,6893
 47,14149
 56,19674
 66,1193
 54,1547
 47,3552
 63,206
 32,2399
 70,543
 80,16877
 45,6090
 35,3515
 9,17545
 23,928
 62,6370
 53,372
 29,6776
 70,14242
 43,5963
 30,15796
 66,9159
 40,19486
 18,5249
 87,7661
 97,19615
 21,18033
 4,12777
 62,13231
 86,19618
 3,4858
 26,13187
 30,18831
 25,6929
 78,12700
 86,18915
 20,6060
 42,18372
 1,19541
 87,13567
 72,14114
 32,19037
 9,1257
 22,14181
 49,17632
 17,13025
 67,15271
 63,17705
 63,677
 21,38
 32,10168
 19,11821
 74,12169
 95,265
 24,16986
 29,4077
 9,17926
 38,4357
 24,13781
 83,3509
 69,9100
 5,1763
 59,1098
 65,16935
 90,3972
 78,8100
 98,9204
 84,3247
 27,10494
 11,9129
 46,8039
 88,18092
 92,9423
 61,3043
 29,10279
 69,7707
 27,14731
 46,11434
 3,13934
 71,7197
 58,4301
 51,7709
 86,15417
 38,5050
 39,14743
 41,10410
 75,17261
 36,9511
 29,13235
 84,19857
 41,7792
 63,7321
 59,8838
 51,5536
 66,9374
 63,1126
 88,16375
 65,3257
 61,12579
 100,17207
 30,15896
 20,9389
 54,11850
 9,7944
 72,8658
 48,8287
 74,5207
 76,12821
 91,7108
 54,619
 41,1843
 79,373
 48,11211
 72,810
 13,9470
 91,16454
 56,15045
 89,6806
 16,17796
 73,9858
 19,10877
 22,4685
 16,2815
 81,1958
 47,14716
 51,8803
 25,6997
 47,14034
 15,12209
 18,694
 79,93
 44,10834
 78,14800
 65,3869
 82,9376
 24,1704
 14,14093
 15,2605
 70,10007
 68,8149
 70,19184
 38,18496
 54,4156
 37,18342
 43,5085
 98,1018
 88,14041
 2,16055
 35,8350
 42,15870
 56,18999
 100,1080
 92,17042
 52,6075
 80,7979
 28,18649
 41,17935
 2,5263
 63,9044
 31,19773
 82,19274
 28,18720
 91,10171
 70,619
 59,12618
 77,1435
 48,15939
 55,912
 16,14332
 42,9270
 69,13606
 3,16885
 45,16456
 72,14528
 84,2250
 12,17108
 7,15635
 18,8288
 61,2954
 5,14036
 97,10237
 96,15081
 78,17106
 64,5456
 37,6607
 47,1153
 41,17816
 14,4007
 61,7437
 8,4487
 75,18670
 56,3863
 65,2978
 2,6508
 85,18566
 38,16308
 23,3718
 75,16205
 27,12282
 17,15381
 61,7700
 49,12499
 40,19654
 51,15007
 45,14659
 90,17462
 19,9068
 76,18280
 70,17874
 52,11004
 94,6664
 30,2169
 87,8310
 61,17458
 53,12985
 93,5879
 10,17632
 55,6525
 46,17420
 85,18717
 13,12713
 41,13791
 64,17629
 5,6077
 37,9902
 55,9986
 95,10991
 9,13073
 97,1734
 21,17891
 16,7889
 3,1931
 21,10976
 16,13927
 42,12827
 58,19000
 70,4580
 56,10833
 31,5091
 1,14309
 70,19380
 66,10660
 86,11981
 33,1711
 92,9869
 26,17374
 21,12884
 5,1367
 56,14056
 93,18353
 95,12248
 45,14057
 66,11886
 62,3036
 94,7188
 25,7846
 87,1039
 18,6027
 75,2480
 63,7557
 22,3147
 2,6342
 38,13939
 48,18312
 57,18845
 94,3263
 65,16329
 95,8044
 96,6533
 69,18155
 14,13659
 40,13453
 16,7255
 43,14033
 71,5143
 24,7066
 35,397
 14,16328
 27,12337
 46,9318
 46,9275
 25,18367
 98,6998
 89,8712
 28,12371
 28,4463
 73,3987
 70,1469
 25,2522
 49,17208
 76,6749
 93,11403
 2,525
 13,13776
 66,15544
 38,12793
 36,15012
 71,16904
 36,6372
 91,19963
 9,9313
 75,19439
 64,11310
 94,103
 53,3344
 42,12495
 18,10826
 73,13437
 67,6070
 26,438
 70,3849
 20,9369
 33,19436
 59,3520
 79,4263
 88,3181
 63,4000
 29,11695
 50,5265
 46,11874
 79,11846
 12,10682
 35,1048
 63,17775
 18,11758
 18,10746
 66,17098
 56,8074
 61,14508
 7,10952
 61,5988
 51,18168
 100,15135
 39,11122
 67,7612
 100,2291
 81,15275
 76,11824
 38,15343
 75,305
 65,4100
 19,3790
 40,6467
 43,11437
 27,15384
 4,10476
 83,12317
 40,12234
 20,3367
 4,12345
 29,9692
 22,4523
 35,4716
 21,11520
 82,1459
 56,43
 30,74
 94,3820
 10,98
 10,13996
 3,5942
 17,16444
 31,8400
 29,16702
 66,12238
 88,16819
 47,514
 61,9547
 32,13446
 100,13676
 6,1967
 82,6692
 82,9930
 8,7000
 40,12642
 43,11847
 7,9688
 16,9752
 89,14006
 52,10150
 25,18637
 19,8257
 15,15939
 90,6924
 54,19454
 90,10191
 89,12081
 33,3611
 83,1500
 41,12781
 18,11657
 78,9356
 40,13726
 42,6806
 20,15895
 73,12394
 19,7225
 86,4625
 33,9077
 40,17074
 45,18006
 84,17308
 72,14630
 11,8102
 78,16418
 53,236
 31,18753
 73,17430
 82,3461
 52,1932
 100,13164
 89,7273
 81,6854
 95,10938
 16,11721
 12,9644
 66,7709
 54,11720
 10,12165
 83,13158
 60,10300
 54,11492
 49,1045
 45,740
 93,16696
 86,13088
 86,7158
 23,2199
 93,5290
 14,9267
 84,10707
 22,1492
 67,2881
 61,8770
 51,7348
 65,17316
 12,15039
 36,11485
 81,6152
 95,19700
 91,14067
 12,12476
 12,5187
 61,15029
 50,5323
 25,9099
 6,14125
 83,17161
 63,16238
 76,1865
 73,19074
 61,11655
 77,7828
 88,7639
 97,2004
 64,2892
 98,10859
 57,14098
 20,19164
 11,12890
 8,9240
 29,328
 2,13765
 50,11056
 29,7369
 13,883
 36,12029
 25,10898
 24,10232
 38,15590
 3,17212
 85,19364
 76,5980
 75,14515
 58,8342
 36,4655
 26,2481
 53,17069
 29,7698
 53,10952
 77,17751
 22,14123
 7,1762
 66,16523
 10,3171
 20,1093
 72,8703
 81,15438
 91,14694
 38,5624
 43,18339
 37,18731
 63,12820
 2,10695
 12,12892
 89,12369
 30,14700
 50,11857
 36,18496
 34,10025
 20,2086
 44,4357
 62,1504
 48,5261
 35,17845
 61,17224
 33,8144
 37,2661
 97,12541
 71,10436
 90,13520
 16,11067
 67,12827
 51,6440
 39,9349
 1,1516
 100,10915
 30,11803
 37,15451
 62,3293
 14,19013
 63,18307
 36,1559
 56,461
 89,12216
 68,13440
 85,395
 41,12534
 62,19344
 9,15845
 34,5622
 2,12642
 13,21
 8,12534
 95,8631
 91,15121
 41,10961
 6,11951
 49,13388
 42,4559
 82,15423
 23,13425
 40,7893
 7,13693
 29,3409
 91,1820
 83,8399
 21,13481
 78,4123
 9,3735
 12,19338
 42,1987
 47,5554
 6,10433
 87,5914
 50,16507
 43,2750
 67,4469
 18,17271
 87,4476
 16,6877
 52,11968
 97,10616
 83,2922
 59,5165
 46,17750
 7,9110
 64,7237
 58,6481
 26,12569
 59,11757
 87,2942
 87,11758
 68,15041
 20,5365
 41,6812
 28,18014
 97,10912
 6,13248
 5,3679
 82,9539
 32,5515
 69,4868
 49,7998
 98,1443
 2,7729
 75,11281
 83,7434
 15,18363
 16,17781
 50,11578
 2,2550
 22,17485
 60,7017
 16,5965
 2,5357
 33,18057
 66,13425
 95,676
 32,8272
 45,19135
 33,11184
 24,936
 28,17465
 84,1504
 16,4844
 22,6326
 81,1518
 80,8271
 84,12069
 22,3271
 18,15998
 42,14547
 76,2430
 92,10725
 22,18174
 19,3727
 89,14878
 84,1873
 98,8584
 75,6454
 35,19423
 92,17377
 42,10179
 45,6892
 61,13650
 39,4845
 75,11352
 15,12977
 18,5620
 79,2033
 52,18102
 100,1242
 51,16489
 78,3721
 21,18098
 38,9804
 77,13390
 73,4194
 68,10935
 4,2644
 91,18385
 28,3255
 89,13625
 10,19868
 27,2377
 6,1359
 54,13459
 35,5250
 71,16180
 62,6563
 79,4010
 3,19920
 73,3507
 67,13177
 16,11488
 18,417
 76,4078
 69,9505
 17,13308
 35,4921
 64,12981
 38,16277
 38,6127
 31,719
 61,9633
 78,10494
 42,13126
 67,15949
 4,10171
 78,16297
 76,3399
 52,13264
 95,11177
 76,16591
 25,18647
 70,3976
 60,11354
 54,16930
 29,16100
 92,16565
 19,3482
 28,19788
 6,9539
 1,5693
 98,5226
 40,12227
 51,2270
 2,13380
 37,9307
 10,6933
 37,10067
 3,12779
 47,2963
 53,14033
 83,9176
 71,10133
 92,13147
 64,3571
 81,16765
 28,12370
 89,7079
 24,318
 82,3520
 96,193
 2,10308
 58,18229
 44,19927
 4,12855
 80,12673
 36,12186
 67,1793
 55,18034
 97,2260
 42,4195
 62,3418
 10,14290
 100,14438
 61,4859
 3,13014
 49,10104
 37,1455
 66,2043
 78,6075
 24,7827
 15,4974
 99,9536
 19,15271
 59,15793
 50,5498
 77,10874
 18,13460
 83,221
 38,14969
 69,6281
 19,11054
 86,12247
 42,3484
 91,14758
 46,6556
 94,3899
 50,1572
 70,1558
 91,15340
 42,15632
 74,1838
 29,3022
 89,6985
 44,9501
 69,19352
 57,2998
 99,7899
 4,15579
 14,12386
 42,6307
 44,487
 5,14881
 2,19446
 54,7347
 20,7506
 6,14534
 46,9769
 83,12972
 28,10193
 14,15618
 100,6251
 59,4277
 60,7138
 63,9164
 8,17315
 53,9029
 50,18821
 84,15491
 65,16476
 11,15125
 56,9703
 74,10613
 28,4010
 94,3920
 94,7896
 91,10979
 36,5635
 60,8051
 69,1855
 26,13390
 15,1908
 47,3324
 73,14316
 50,12743
 99,1308
 26,12365
 31,12046
 71,12958
 33,14890
 12,9399
 78,7680
 94,19821
 80,19253
 66,15201
 19,1996
 35,4680
 18,18933
 71,4879
 56,13123
 60,10866
 13,6173
 76,15097
 84,3623
 75,11362
 48,13730
 25,18290
 31,10514
 67,10112
 6,1943
 31,6641
 29,12844
 78,1631
 13,14839
 96,6818
 14,1959
 86,15583
 4,3547
 13,8263
 36,5207
 87,10604
 20,7697
 57,18514
 95,17226
 84,10503
 79,16111
 96,5327
 90,14992
 12,13542
 82,9525
 57,9782
 99,13189
 9,545
 16,13459
 50,8839
 90,7452
 56,10304
 85,5974
 18,4805
 98,16046
 51,19605
 82,10970
 57,12424
 86,4122
 39,7321
 10,2412
 53,12668
 68,5862
 99,8964
 39,685
 95,4532
 65,12496
 87,11048
 19,4720
 68,821
 38,5334
 6,5766
 100,3433
 4,3672
 17,3186
 26,15065
 72,11827
 22,19436
 56,7207
 46,5858
 2,12385
 42,6394
 37,2425
 53,19162
 67,9094
 58,15993
 77,12630
 84,18503
 81,17002
 10,16691
 90,11699
 44,12868
 57,18242
 92,5308
 13,19141
 21,2651
 54,9205
 84,8506
 26,17404
 22,3733
 47,5996
 94,10255
 100,2113
 99,19308
 86,1636
 76,8418
 84,17701
 52,7207
 53,17882
 99,18201
 78,2696
 14,6699
 55,7955
 60,17017
 81,5873
 79,15353
 100,12022
 35,18578
 21,5869
 94,1292
 55,6477
 89,10700
 89,1736
 12,1367
 51,7917
 78,12223
 1,15168
 64,18888
 49,11804
 57,5156
 78,10572
 90,8217
 96,13414
 1,17809
 33,51
 46,1530
 91,10632
 64,15854
 79,18782
 86,7741
 68,4866
 67,14158
 81,2106
 25,740
 3,13846
 14,9977
 7,4470
 23,14642
 77,16061
 25,10590
 75,3864
 38,5398
 45,2933
 69,14720
 87,18366
 89,5564
 33,11816
 87,5941
 7,522
 27,9182
 28,10437
 90,17299
 85,19552
 13,13447
 29,18779
 55,16192
 75,3774
 98,18122
 89,4749
 17,3973
 22,2213
 86,17888
 59,16718
 21,1640
 61,4249
 67,12760
 93,5063
 27,14772
 23,19608
 9,7056
 36,1466
 3,4474
 35,4396
 73,7677
 89,509
 88,1012
 33,19427
 2,5225
 66,18946
 44,16985
 88,3589
 43,17250
 87,17422
 89,15687
 55,1110
 40,4993
 56,19333
 47,16435
 73,7453
 87,14053
 85,2751
 1,11800
 10,10193
 95,10236
 97,9637
 77,18542
 52,15997
 37,5439
 17,18105
 31,2561
 26,12341
 48,12198
 64,13995
 98,15553
 75,18741
 33,18429
 81,6927
 12,4002
 41,12664
 54,5756
 100,19751
 17,14762
 79,2719
 87,16188
 42,7278
 12,18372
 34,17966
 100,1443
 92,110
 24,19509
 31,10840
 56,19190
 47,16887
 49,9327
 70,10442
 40,13402
 44,4568
 38,18371
 85,11969
 71,12610
 32,14995
 75,19077
 82,11511
 23,4207
 42,12257
 66,10230
 20,16609
 13,1252
 25,1322
 34,3972
 16,10043
 32,19676
 27,11416
 18,6979
 77,5784
 48,686
 16,13172
 48,6772
 47,19645
 19,10230
 13,13519
 39,11798
 65,8823
 48,12384
 34,17330
 58,1515
 13,12938
 96,6151
 67,4068
 31,9741
 32,5027
 23,15103
 48,16474
 22,15154
 59,19870
 96,2623
 36,16001
 51,6326
 48,13696
 28,11737
 17,2820
 56,8040
 37,9985
 65,8387
 60,2423
 82,12450
 61,8061
 33,16638
 69,3636
 46,16381
 63,13241
 32,7001
 83,4912
 66,9909
 48,15928
 69,4774
 95,14334
 23,14888
 83,3410
 45,8885
 71,5273
 56,13839
 2,19846
 93,14735
 80,3823
 46,13176
 7,8366
 10,14166
 53,12884
 38,14344
 68,16059
 32,5093
 99,1647
 21,7565
 51,14776
 22,6512
 97,10451
 97,17634
 82,14850
 79,7363
 14,881
 44,3292
 62,19613
 83,3267
 87,10157
 86,9928
 9,18915
 12,3888
 62,14912
 70,10460
 62,17258
 37,3368
 34,15020
 64,8571
 64,15021
 89,8291
 19,932
 88,18442
 46,14052
 58,10866
 95,3914
 34,12217
 24,5322
 80,8847
 40,12197
 26,6602
 38,16426
 11,3940
 100,12249
 32,615
 88,12856
 82,16465
 52,5937
 4,760
 65,19014
 16,1296
 14,7825
 98,654
 85,7816
 8,8001
 36,17114
 41,3232
 70,18521
 68,11741
 95,11355
 82,3367
 92,12215
 97,18611
 37,16546
 95,13274
 96,6734
 28,19180
 49,765
 82,1556
 13,5349
 69,14747
 16,5914
 34,4415
 77,4423
 45,94
 52,15018
 70,12531
 6,9097
 97,7534
 77,18568
 57,11814
 85,5123
 98,16881
 9,1377
 37,15599
 23,10147
 81,2598
 13,9233
 94,12795
 56,346
 68,7002
 15,10484
 41,12496
 96,12644
 74,18702
 100,15158
 56,14970
 96,18083
 93,8842
 69,656
 17,10536
 6,16275
 67,4913
 64,13734
 62,3716
 42,9314
 81,12424
 45,2056
 39,14710
 95,3482
 92,4847
 86,5255
 16,61
 50,4912
 42,11133
 82,7550
 3,8673
 100,18133
 76,14058
 66,1355
 36,9825
 16,12582
 71,11653
 76,9994
 34,1439
 13,15422
 75,16039
 7,9381
 63,7393
 42,17709
 60,12558
 32,13932
 36,6578
 22,15068
 78,7044
 90,11806
 31,14871
 6,19983
 16,3255
 48,3831
 66,17747
 26,9469
 65,18415
 79,17826
 50,15889
 98,11976
 94,8689
 39,417
 3,17830
 12,9327
 24,686
 61,18537
 61,5604
 44,6203
 7,8960
 52,19645
 3,12531
 90,16082
 68,17568
 34,11996
 10,3038
 9,262
 37,3635
 64,17290
 55,8746
 5,9508
 21,13807
 70,19575
 65,1020
 45,9172
 62,15513
 29,18760
 2,6062
 96,18678
 74,2041
 91,11030
 35,19687
 44,14033
 92,13251
 70,5608
 76,4602
 73,4663
 68,6681
 1,16850
 40,8342
 29,15483
 99,11148
 28,8830
 67,14630
 71,13198
 51,14602
 11,12384
 79,8669
 48,715
 79,16956
 67,7815
 50,14080
 18,18329
 17,3619
 28,19305
 71,4423
 21,59
 85,8921
 24,18803
 7,13980
 50,1956
 91,5066
 72,17806
 56,12750
 51,10448
 10,2132
 46,16134
 89,18661
 27,1523
 87,2669
 96,15141
 33,11990
 65,17189
 55,2726
 43,12011
 73,5961
 17,19230
 4,13996
 39,19397
 96,17111
 83,6475
 91,2946
 48,440
 20,9589
 65,18101
 76,19942
 22,1712
 40,14791
 80,19303
 66,404
 33,11300
 59,8731
 2,15161
 12,14461
 74,11352
 7,1955
 95,17294
 47,66
 17,5497
 54,4685
 7,7950
 15,12936
 56,1284
 85,13004
 38,14060
 75,6830
 1,3769
 8,12910
 61,9828
 67,10029
 5,15528
 28,12962
 40,10212
 5,16271
 71,10659
 16,17099
 38,912
 74,1494
 97,3151
 53,14548
 57,13521
 74,7439
 86,12593
 54,19547
 17,2861
 92,15257
 82,17063
 96,4549
 70,299
 51,14300
 21,12368
 77,16280
 52,18584
 57,9483
 55,11388
 93,4820
 8,10496
 38,17015
 4,11673
 82,12113
 68,6387
 46,3568
 87,1208
 69,18780
 14,15632
 24,10541
 77,13541
 74,4513
 73,16817
 28,18727
 65,17531
 32,7818
 23,2888
 22,12022
 62,16858
 94,9974
 34,16442
 44,10
 48,6614
 4,16394
 95,2989
 83,1874
 82,17380
 6,5653
 29,10395
 90,11089
 51,15095
 88,16585
 8,9070
 49,7762
 25,6663
 44,18937
 55,19244
 29,4053
 73,9395
 81,18545
 71,19831
 28,8210
 12,11232
 38,11726
 71,15655
 77,8279
 44,17159
 82,16951
 89,11916
 49,11133
 65,13632
 86,16057
 6,18254
 46,12219
 97,19664
 75,4722
 62,4219
 29,17528
 72,373
 17,3286
 78,10069
 43,14842
 70,18302
 76,17251
 1,12397
 93,7647
 2,4889
 40,8231
 71,9039
 79,4023
 72,17061
 44,2325
 31,17342
 62,13300
 7,12276
 13,7844
 29,18347
 17,5267
 21,7737
 49,10534
 42,17851
 78,19371
 54,13532
 90,6647
 57,4335
 100,11145
 63,7805
 72,8261
 84,1382
 70,5556
 44,17568
 62,17789
 85,9153
 81,17420
 26,18631
 23,5620
 96,13989
 15,14314
 35,17989
 15,10846
 20,10551
 58,6797
 54,12531
 93,10486
 54,5129
 14,2305
 66,8770
 83,11391
 15,1740
 84,14028
 1,19801
 55,10678
 98,18326
 27,8542
 6,15284
 4,5793
 8,8145
 31,19954
 90,14443
 13,9259
 28,14591
 9,2998
 95,10679
 57,656
 51,7285
 5,16526
 61,876
 1,3629
 67,18126
 20,16078
 12,8444
 63,11904
 30,6186
 75,13654
 63,4580
 31,7139
 58,18692
 27,982
 70,14506
 61,18647
 82,15688
 64,6931
 74,8858
 54,15977
 92,5991
 38,17000
 6,8634
 66,5448
 32,14843
 47,7634
 38,3410
 26,11072
 6,11251
 50,11846
 90,17329
 78,2892
 84,11251
 11,2885
 46,14581
 89,12768
 67,19830
 25,9643
 45,3377
 43,5491
 93,16264
 21,4065
 81,9665
 10,6734
 1,19937
 2,10748
 31,3882
 9,3434
 100,6649
 81,15010
 10,3942
 94,5425
 73,2916
 97,3815
 81,17256
 58,12407
 1,2318
 67,2491
 52,4915
 48,6580
 86,3653
 38,10864
 63,16664
 12,236
 59,9038
 78,2288
 10,1298
 28,12689
 6,7589
 78,18268
 21,16674
 23,13821
 25,5655
 73,9662
 95,17358
 31,14523
 88,4349
 60,4612
 50,11258
 85,16567
 86,4914
 65,13511
 89,984
 35,2917
 77,13524
 49,18738
 41,388
 9,3266
 81,18069
 78,5831
 6,9287
 18,305
 32,953
 39,1904
 66,13671
 38,10402
 46,11249
 20,2294
 15,17684
 25,8432
 97,11935
 54,4395
 16,1168
 29,16667
 23,11237
 11,8001
 45,3967
 34,10863
 85,17078
 92,7296
 16,273
 22,9259
 93,6566
 82,11998
 83,1881
 90,16790
 14,18924
 21,2936
 57,408
 89,10705
 42,10288
 32,5393
 86,11002
 70,3949
 68,15700
 14,4345
 46,18617
 72,19791
 69,4106
 50,18875
 36,19746
 13,13055
 67,8191
 97,16503
 28,13752
 80,19850
 55,9523
 76,3063
 83,12160
 87,8172
 79,10682
 80,4786
 87,2221
 59,18
 74,8597
 79,12380
 17,13947
 35,11048
 4,9604
 93,3930
 75,11414
 60,15778
 25,2497
 78,19348
 9,2330
 60,11039
 77,9605
 87,16321
 37,7594
 97,13305
 55,146
 33,530
 68,8075
 61,17224
 28,1173
 49,678
 69,18044
 18,19520
 49,10913
 89,9643
 33,7398
 50,7831
 91,10497
 100,1899
 47,7388
 100,6832
 29,697
 18,3258
 98,19088
 77,2619
 21,18884
 12,421
 58,18626
 83,16152
 57,13996
 80,11272
 83,12275
 37,18849
 10,17939
 41,6416
 43,6478
 63,19633
 51,1571
 91,7443
 21,7285
 16,13902
 79,3049
 58,1402
 78,7086
 91,8389
 46,448
 85,10245
 34,18591
 75,16322
 68,8301
 81,14167
 61,12119
 64,8359
 63,19736
 69,14620
 79,1321
 12,2083
 42,17783
 37,5051
 88,17985
 78,10922
 8,11781
 90,5929
 56,3619
 33,3004
 57,2975
 71,7619
 67,13700
 5,10735
 37,3141
 8,3474
 46,19701
 38,14746
 75,4089
 72,15949
 63,2492
 77,6661
 100,1074
 59,4842
 57,14029
 100,10293
 6,9672
 50,1943
 29,5601
 56,3338
 66,5034
 40,20
 30,7368
 75,11134
 100,6152
 82,732
 90,12524
 37,12800
 21,4904
 62,15622
 21,5064
 11,7394
 19,12408
 82,15501
 79,12145
 87,4939
 13,11935
 5,13449
 88,15755
 69,1251
 94,17138
 56,6883
 34,10179
 2,111
 22,6564
 70,2676
 97,16745
 10,825
 36,8577
 48,12761
 38,6009
 8,10549
 39,13750
 83,7340
 16,10901
 17,2094
 14,10793
 27,3275
 70,13195
 27,12271
 63,15416
 62,16024
 73,3156
 36,18939
 6,14112
 55,2133
 2,2688
 82,15487
 94,10107
 31,19171
 16,15002
 71,18892
 75,12904
 72,12566
 40,13298
 53,16341
 83,4501
 96,12751
 44,16859
 92,10355
 44,16518
 57,7095
 62,11192
 96,11418
 14,16819
 29,15099
 43,5662
 44,18930
 70,5248
 52,1782
 57,9927
 87,9767
 80,13003
 80,313
 65,17739
 87,4185
 11,18683
 43,12069
 54,7592
 65,6723
 30,18860
 88,18128
 90,7584
 90,13227
 89,16692
 49,5817
 17,9218
 14,6376
 76,16710
 33,259
 95,16452
 32,3155
 92,13939
 16,11388
 95,8547
 85,8938
 60,19869
 90,18350
 44,19259
 46,19486
 2,5916
 57,14804
 4,4724
 4,3893
 56,8452
 76,544
 19,6825
 75,8669
 75,16343
 25,14650
 96,10480
 85,2309
 35,13016
 56,18569
 6,12750
 4,11433
 83,13707
 27,3558
 92,7789
 31,11809
 1,8443
 68,8040
 31,19230
 46,7010
 86,17277
 4,9590
 41,9294
 95,13070
 30,4883
 58,3242
 29,12894
 84,3900
 88,19105
 73,17416
 1,11975
 33,13758
 6,17126
 49,11683
 88,7264
 74,14828
 13,9376
 14,12468
 6,17494
 55,2581
 38,11484
 25,17442
 68,191
 48,3360
 15,14976
 61,2413
 43,1083
 35,17797
 73,3283
 43,732
 48,9332
 61,98
 84,19085
 12,18026
 39,11123
 16,10318
 24,10685
 100,6195
 21,16100
 79,15847
 14,8267
 62,16836
 22,15915
 94,6864
 95,12285
 66,19156
 98,2217
 78,16098
 64,8495
 33,1892
 41,12356
 94,10045
 13,18648
 17,5679
 66,3793
 89,10128
 8,828
 98,8074
 32,3323
 79,12537
 75,1503
 33,5518
 72,15591
 31,13413
 52,457
 8,16229
 62,2561
 19,2332
 65,183
 38,16066
 74,7980
 6,1853
 40,14470
 45,13216
 96,13223
 40,14446
 100,474
 37,3585
 66,11483
 56,2205
 23,7045
 10,10104
 37,7763
 93,13944
 90,11333
 12,2786
 76,15514
 23,7957
 43,2394
 53,18453
