4000 160000
 26,41820
 19,151430
 63,127340
 22,85805
 66,52311
 38,73013
 42,15429
 14,23514
 72,74669
 14,89614
 55,25925
 82,20373
 89,128884
 40,79112
 23,28474
 17,125711
 79,1916
 18,32955
 67,75751
 4,93117
 40,87520
 94,140588
 91,61601
 72,28789
 38,105919
 33,107664
 89,47169
 46,98631
 7,86540
 98,30681
 33,68121
 86,34791
 71,130630
 78,66364
 19,155492
 77,74930
 85,5674
 76,123582
 22,27178
 23,8821
 21,63917
 95,64334
 86,150741
 8,81144
 38,54563
 54,109056
 6,123605
 86,117989
 98,15421
 84,38527
 61,131364
 6,155951
 18,139068
 76,145931
 2,30477
 55,121045
 4,28017
 19,61931
 82,74564
 35,111928
 33,25515
 25,32577
 31,7161
 10,96668
 65,52631
 54,19143
 48,30904
 48,44210
 40,130163
 79,82519
 35,115470
 91,116743
 75,64029
 47,140260
 100,10403
 43,143544
 19,98263
 28,51120
 76,41451
 94,22638
 86,89532
 86,119769
 64,41186
 58,75970
 93,33065
 77,123089
 73,34099
 32,100094
 64,77316
 37,18919
 36,36887
 77,131468
 49,123713
 4,31082
 75,10030
 87,13087
 95,39256
 51,145620
 21,50286
 53,120284
 49,77246
 97,124002
 13,45794
 59,14338
 55,83475
 86,13432
 83,143528
 38,81408
 60,64323
 61,155975
 49,120407
 85,29446
 12,27165
 46,102569
 14,155332
 40,81464
 65,126729
 36,148584
 54,55618
 34,87605
 14,32609
 70,24631
 33,101064
 17,36238
 24,106662
 78,158333
 81,151574
 79,137684
 18,134540
 99,90794
 21,136274
 7,74627
 80,139960
 56,150670
 21,126692
 95,121812
 95,112280
 65,18939
 46,56231
 9,125375
 74,103725
 60,29922
 96,139015
 36,102952
 98,67791
 68,57672
 100,87394
 94,54709
 68,95424
 12,96163
 59,93275
 2,23226
 36,112829
 10,11009
 82,58005
 100,118498
 29,156189
 62,19447
 81,35232
 60,94166
 95,17381
 90,82503
 84,141655
 94,6819
 90,97758
 93,108622
 49,128084
 41,127727
 27,84095
 81,83739
 70,114497
 75,28876
 71,120094
 15,31385
 86,29880
 84,61066
 64,56568
 34,59538
 78,84906
 26,78268
 98,16405
 31,155471
 16,65364
 97,37425
 95,86152
 42,132462
 71,85991
 86,70312
 74,43412
 81,79110
 95,10262
 47,26767
 66,87858
 78,9610
 68,72308
 96,53155
 59,73163
 14,97153
 8,61938
 15,116302
 95,133568
 30,54492
 91,11162
 57,26550
 63,109730
 24,135509
 18,124500
 80,108428
 69,67058
 19,16299
 67,128770
 48,98890
 52,108743
 57,113498
 88,56177
 80,53918
 87,64700
 10,35791
 96,14550
 64,139935
 24,107820
 94,13815
 49,2180
 60,23459
 31,29467
 58,12052
 30,158968
 100,104405
 23,28892
 74,55830
 37,57133
 35,153353
 21,88101
 14,135999
 76,2643
 51,72693
 31,43362
 36,61293
 50,129197
 31,52569
 47,39232
 49,75517
 21,57749
 22,24389
 54,108389
 60,46230
 64,120600
 27,156664
 59,26219
 98,153148
 2,148726
 49,140533
 69,120120
 47,88152
 72,50839
 9,44720
 42,148820
 7,61411
 29,87352
 77,45029
 60,16490
 15,8131
 23,12455
 53,8455
 78,95382
 27,71180
 44,96647
 12,62160
 67,41678
 82,35846
 29,158441
 67,88259
 76,130622
 24,41388
 85,117940
 6,12098
 99,89154
 42,75834
 74,36359
 90,125255
 33,115804
 98,154647
 2,109446
 24,24895
 55,78541
 75,23354
 41,87097
 77,14381
 27,1398
 100,122336
 45,37333
 16,12635
 79,14170
 56,142190
 54,29820
 45,87772
 95,155873
 81,102258
 55,133277
 89,113883
 87,130632
 58,22143
 15,120454
 97,89145
 26,100319
 59,34058
 73,70909
 2,153905
 8,128592
 27,1784
 63,132034
 74,104728
 98,57547
 64,153742
 7,11441
 11,108168
 38,17170
 34,158322
 95,107194
 86,29858
 2,41209
 55,116165
 11,143376
 71,115569
 97,146135
 50,126781
 88,152511
 27,126639
 29,43298
 73,37078
 41,74214
 44,1392
 10,22947
 47,159628
 29,59858
 85,99227
 18,3987
 13,28360
 75,82745
 49,90355
 48,134183
 49,114551
 81,48886
 21,104487
 48,67592
 93,46462
 58,61902
 4,59208
 79,154937
 59,106754
 57,15288
 42,131330
 36,99334
 75,134898
 56,94633
 43,56125
 40,87210
 15,124118
 25,123465
 92,86847
 20,39483
 80,99089
 15,33753
 76,67433
 98,106726
 31,157590
 9,113889
 87,125934
 100,15380
 11,27773
 66,105160
 35,16737
 78,64744
 18,85316
 98,21740
 6,84328
 18,17469
 90,109415
 64,36848
 44,137285
 44,103425
 67,119375
 36,72318
 72,107527
 75,43341
 60,113332
 5,87394
 78,141881
 32,12176
 96,54027
 48,155130
 46,33663
 67,102612
 62,67612
 57,41507
 89,77080
 42,51330
 4,147210
 36,45074
 8,59922
 88,33855
 92,100990
 86,158505
 78,34894
 22,110505
 25,62988
 43,30115
 58,83179
 22,75313
 56,53510
 86,74675
 58,54986
 61,65218
 46,8007
 50,60072
 56,58969
 16,26935
 19,129657
 45,119820
 84,157631
 47,155686
 6,138807
 26,57431
 19,145017
 12,112056
 1,2244
 60,122524
 45,7556
 41,15573
 85,117462
 30,137559
 96,44324
 88,143112
 47,60542
 96,51408
 73,138850
 34,110927
 42,18323
 15,91173
 15,58979
 52,124177
 81,105353
 82,24050
 68,138141
 47,21668
 76,122133
 17,89875
 55,138920
 26,131609
 90,44020
 52,32830
 8,52417
 2,41544
 96,6647
 92,53859
 19,12572
 42,64629
 63,110650
 100,145637
 14,52645
 56,151450
 41,154186
 86,80559
 24,76652
 34,38053
 70,40324
 19,5652
 93,36943
 31,100043
 52,134228
 46,112858
 85,50123
 43,72059
 13,89278
 64,29953
 7,22500
 4,125460
 83,155098
 98,80324
 87,25139
 10,75398
 33,61689
 71,14394
 84,131361
 36,138533
 55,34811
 80,72662
 88,36471
 84,74569
 67,104208
 100,41327
 55,108756
 54,47813
 8,50347
 1,135619
 60,88714
 52,38109
 30,84664
 99,144422
 29,102050
 39,154998
 44,84800
 31,110353
 35,140220
 39,16744
 76,68043
 98,78047
 36,42691
 99,114201
 34,69041
 8,46654
 20,71890
 82,145685
 88,106585
 17,52843
 46,92134
 62,3225
 70,20200
 55,106815
 66,33096
 76,111484
 21,87022
 53,159125
 84,32755
 57,51367
 9,142582
 84,111620
 17,41714
 95,18510
 24,29838
 56,121107
 49,100054
 12,50522
 71,27411
 22,111062
 100,19912
 34,83835
 23,19288
 72,93567
 31,11261
 88,126052
 53,86335
 88,109122
 52,116123
 2,118531
 24,64158
 15,132312
 30,93001
 74,38654
 5,77929
 12,69351
 90,113344
 27,79684
 87,87699
 38,137931
 67,18951
 83,135939
 98,131756
 59,58252
 33,66720
 21,24189
 62,49713
 66,17562
 45,17864
 15,92968
 48,45931
 75,12119
 92,114606
 28,148498
 2,78335
 86,20241
 67,53994
 21,66297
 80,61240
 39,16771
 83,46389
 25,32964
 22,49566
 15,148365
 61,73466
 33,110160
 17,141117
 42,76644
 11,34938
 92,29523
 37,128315
 64,131538
 59,49107
 33,16699
 44,150106
 83,4668
 71,84131
 4,23298
 12,97012
 4,47578
 52,88599
 23,59204
 4,27743
 63,105361
 13,1706
 4,26676
 26,47082
 66,24579
 23,51092
 68,98284
 77,30883
 98,100370
 43,69122
 38,3290
 37,730
 75,41365
 88,136897
 56,29954
 29,152543
 89,56956
 9,134133
 54,105175
 77,913
 4,129652
 99,80578
 23,113458
 71,60768
 3,77911
 91,139562
 73,88579
 70,38953
 22,129494
 9,129630
 63,144067
 94,4299
 21,67592
 54,95130
 63,39718
 9,68456
 37,128326
 36,28748
 95,84539
 89,131524
 95,19963
 27,29523
 13,12416
 66,144556
 77,36079
 65,100672
 5,55746
 5,122271
 91,92360
 65,128238
 13,3876
 50,4252
 18,86825
 71,132068
 8,138197
 85,7074
 8,34949
 35,8513
 100,58704
 8,22598
 7,89114
 71,24330
 72,9864
 3,138501
 36,96148
 32,1423
 7,19944
 92,116533
 38,92643
 84,113987
 36,151550
 7,74694
 80,112200
 12,18905
 83,153889
 93,70487
 58,90660
 24,24158
 65,43434
 37,1463
 11,78762
 80,94961
 40,13971
 6,9032
 77,127550
 97,137473
 2,101313
 63,24257
 45,149689
 29,79664
 75,86476
 43,104137
 90,30670
 93,80089
 26,140273
 50,21857
 21,98648
 87,71137
 56,90672
 92,54798
 85,24182
 90,61145
 26,74238
 51,123342
 58,59135
 71,16612
 33,98378
 91,109672
 57,133237
 82,63464
 30,143530
 92,74842
 46,35586
 42,5108
 80,90355
 36,79679
 74,59969
 5,54240
 75,48631
 26,146574
 32,45904
 25,84870
 68,103067
 71,97809
 40,68002
 86,14575
 16,146447
 5,128141
 42,65030
 32,142787
 69,73581
 2,118359
 37,155133
 47,32512
 27,159409
 39,93052
 58,81221
 59,38602
 27,154898
 77,19122
 37,129941
 1,159196
 88,132574
 22,74579
 6,49512
 49,87056
 40,44455
 86,71051
 45,43563
 22,91466
 36,858
 29,35550
 3,81268
 94,21713
 10,14563
 16,124332
 93,142114
 17,113198
 43,85765
 3,50520
 30,94867
 87,49093
 4,31697
 16,41249
 28,124821
 9,53911
 88,145043
 5,20279
 29,72332
 4,23650
 67,115740
 96,138620
 53,48696
 100,81086
 17,121392
 100,97997
 33,133111
 58,146126
 14,104742
 32,63723
 33,124817
 55,49389
 4,117787
 28,8959
 29,120384
 13,129810
 58,6210
 82,136002
 4,100179
 69,40580
 75,3693
 96,64169
 63,134156
 48,104446
 27,134907
 56,1872
 99,72074
 18,101442
 56,65225
 72,67900
 90,66776
 30,45645
 88,78606
 76,23118
 85,156509
 91,143061
 18,46700
 2,137672
 44,18201
 93,47298
 45,34038
 61,64897
 62,125296
 73,97071
 36,80999
 80,24336
 61,149607
 57,153859
 43,104991
 82,126343
 34,47262
 10,45452
 53,156208
 20,152200
 82,71169
 33,49253
 8,44111
 17,87398
 76,68773
 65,57564
 77,88487
 14,36500
 30,142084
 21,151454
 26,69614
 51,143661
 16,18394
 8,136679
 72,18191
 91,38061
 22,13875
 68,157636
 41,5063
 2,157330
 64,30050
 29,95023
 83,134161
 57,70977
 33,48035
 86,83078
 92,84952
 61,50037
 91,150922
 44,102003
 88,159940
 24,133075
 36,114553
 25,114132
 95,28731
 90,93997
 71,159011
 82,104288
 65,103092
 100,41662
 51,56947
 9,129837
 89,116500
 86,113607
 44,57365
 35,111867
 42,158123
 63,20909
 84,154890
 57,44320
 44,157529
 67,67133
 11,138587
 82,97960
 76,47997
 90,21890
 23,105829
 88,89210
 32,71509
 29,129760
 56,88476
 96,133068
 40,103952
 16,31903
 41,11295
 38,9889
 50,26309
 95,82429
 91,92159
 10,48311
 80,143424
 87,18067
 34,139148
 83,118797
 89,97396
 41,65132
 62,14505
 94,47434
 50,117323
 81,51762
 68,7225
 83,125467
 34,23324
 79,145970
 84,108821
 58,133877
 46,24301
 63,82634
 30,37866
 72,33594
 28,59721
 20,58387
 51,62533
 66,103876
 62,130841
 58,4972
 30,145538
 99,90028
 46,108410
 72,83299
 64,153246
 5,48390
 38,139416
 2,116392
 73,61354
 36,2147
 60,143422
 51,83634
 48,112
 14,119177
 44,32342
 67,84143
 32,47087
 58,51218
 78,95236
 98,49759
 78,141124
 1,110458
 59,118216
 7,53890
 30,152728
 54,101892
 16,159136
 96,19411
 89,66247
 95,28498
 83,23638
 14,128859
 66,72028
 1,14903
 55,102938
 2,135381
 27,111657
 100,7808
 18,80646
 3,126489
 8,60514
 85,41326
 52,76095
 9,84058
 99,77961
 1,94716
 82,109435
 17,108942
 6,10045
 3,51545
 33,4848
 24,58052
 9,56731
 28,34294
 89,52947
 74,146610
 94,154445
 87,12663
 63,45668
 43,153610
 48,100753
 96,7534
 20,5014
 55,119629
 15,83498
 63,81120
 37,65468
 63,11753
 36,42636
 41,66809
 44,31820
 3,79232
 88,103557
 77,114566
 91,11788
 64,18438
 59,58826
 21,94470
 21,82878
 35,138940
 89,34165
 71,133960
 47,2374
 50,75575
 46,126616
 21,17777
 59,110544
 68,155648
 80,10720
 5,115558
 83,4678
 94,115001
 67,25578
 5,2242
 37,117502
 54,130203
 50,64534
 99,103324
 95,108849
 77,148691
 88,119007
 99,87393
 49,10891
 7,32909
 64,10734
 49,7513
 43,94091
 22,51274
 63,4259
 54,25184
 37,87602
 97,148100
 72,39640
 80,14533
 45,158108
 87,84163
 73,98814
 87,31149
 93,36625
 84,111507
 53,79102
 68,98768
 33,115095
 82,91545
 31,1828
 52,103695
 97,159728
 10,18679
 78,57089
 80,82744
 87,107484
 40,67241
 32,24872
 28,121119
 66,70482
 11,149690
 40,50099
 99,32058
 33,47071
 43,90143
 29,102899
 100,156984
 92,148570
 33,136948
 33,2886
 43,108449
 49,71067
 94,24524
 55,145643
 2,15083
 98,9052
 16,136822
 13,126378
 82,980
 15,14005
 20,142810
 38,126781
 72,148673
 60,8540
 62,50667
 88,37630
 24,142633
 51,73986
 3,156864
 26,51320
 13,145817
 65,71465
 15,126106
 19,122200
 73,55639
 57,298
 91,140221
 70,60783
 62,23960
 92,131336
 88,46075
 10,123823
 99,96856
 32,6207
 39,2110
 19,81022
 95,135069
 95,83413
 30,23332
 40,59179
 32,12567
 62,56328
 55,51438
 53,110627
 68,51495
 90,33148
 45,51199
 37,148474
 83,54008
 16,46823
 95,60492
 65,81693
 66,30860
 5,74308
 82,36650
 19,131089
 25,66277
 18,118035
 21,92401
 94,24158
 65,64643
 27,50403
 97,3316
 16,41653
 85,140725
 66,69967
 84,7993
 93,55585
 98,81174
 61,45937
 33,136556
 20,115534
 65,28695
 51,154991
 58,125274
 12,111340
 47,83276
 32,39229
 65,33141
 55,51826
 87,8167
 64,135484
 67,157462
 38,70535
 33,10567
 63,68677
 35,113854
 80,150409
 56,41442
 67,88372
 60,140738
 7,127191
 71,64048
 17,118956
 10,148731
 59,75395
 77,77062
 86,16748
 68,98268
 79,120118
 50,39169
 70,107731
 34,43431
 67,41972
 61,38002
 48,145052
 12,61575
 44,120705
 33,116685
 11,89640
 90,23125
 14,10080
 90,73682
 12,119532
 16,156330
 58,1789
 46,42550
 12,4467
 87,31267
 30,17128
 68,94095
 65,105345
 5,102785
 91,113458
 4,6647
 73,149591
 68,138577
 29,63064
 26,72126
 6,111130
 91,41923
 41,46876
 39,95344
 1,46534
 22,108385
 97,28202
 16,85681
 48,2548
 13,44330
 41,18834
 61,29526
 10,63997
 40,3878
 71,7710
 73,105317
 9,99917
 28,71194
 12,17225
 28,17048
 18,113199
 82,5779
 80,49845
 14,101332
 17,113397
 61,39895
 8,40578
 32,89843
 96,52401
 70,66545
 10,14478
 89,47490
 35,103815
 84,77272
 70,157225
 86,148607
 81,112556
 80,117769
 96,116138
 66,90229
 94,137371
 75,58447
 96,76354
 85,96680
 57,27088
 7,33596
 13,44888
 11,87215
 81,141284
 63,109340
 63,64815
 98,90167
 93,44591
 41,119147
 35,144355
 2,113472
 39,36724
 52,85664
 6,111644
 24,116424
 20,30350
 22,116021
 99,99488
 60,150338
 15,82892
 82,85060
 67,49822
 56,117165
 42,55926
 62,74584
 5,150096
 71,51748
 48,94686
 60,119591
 69,141975
 61,40763
 58,143799
 5,110453
 58,159046
 73,96618
 81,139240
 30,101165
 84,18988
 85,220
 41,6899
 89,80563
 31,53278
 74,73921
 81,28785
 27,97019
 67,27105
 62,119426
 90,159969
 32,79431
 26,102583
 44,82635
 65,154453
 34,154088
 34,41788
 97,60889
 40,7316
 48,45005
 46,34703
 66,158518
 79,150407
 9,25407
 8,110180
 63,57955
 100,7243
 52,70975
 78,44434
 7,103276
 14,40132
 60,13177
 30,48007
 92,40595
 88,138976
 35,148359
 82,123137
 8,60709
 26,75279
 83,112487
 50,15649
 96,89688
 83,41790
 46,90354
 86,39657
 45,18814
 17,122539
 20,134556
 11,50723
 54,33392
 40,139166
 44,146797
 41,75187
 90,94444
 35,102869
 71,28131
 80,52746
 33,16732
 27,6969
 1,64359
 74,157534
 2,126962
 53,134385
 77,12673
 58,30510
 54,96914
 92,19700
 50,82826
 29,83345
 88,99362
 100,112196
 18,128897
 80,149185
 4,154999
 24,142185
 70,15475
 45,141601
 90,63807
 69,156483
 22,154717
 18,119589
 38,108211
 49,8525
 12,133311
 18,123810
 33,18803
 49,63324
 77,84569
 59,147428
 69,58837
 75,38994
 14,118673
 94,78922
 26,22742
 1,41599
 43,25315
 12,140510
 87,146757
 5,85332
 86,87675
 75,53077
 26,130484
 42,83946
 27,52183
 29,101705
 20,47364
 14,64021
 78,31905
 45,30296
 60,97141
 87,150812
 46,57768
 83,92231
 5,24526
 24,134575
 3,64037
 87,91888
 58,23506
 93,57140
 97,142736
 14,129762
 80,14160
 27,48132
 34,6044
 91,47043
 78,52948
 27,85274
 40,53832
 52,130595
 95,58488
 93,21159
 19,24524
 71,113628
 62,87695
 91,31511
 99,101443
 98,40161
 14,82557
 14,153083
 24,15768
 44,28665
 30,68857
 43,141459
 73,132440
 13,51865
 8,82493
 3,81093
 89,57191
 5,145115
 62,139795
 39,104369
 67,83204
 7,95861
 59,39495
 42,1014
 51,33925
 92,58811
 43,12837
 95,137075
 97,128545
 21,3866
 19,131448
 33,112993
 76,111520
 16,87782
 98,153585
 32,71539
 2,123718
 89,27010
 37,136382
 74,159014
 3,150425
 16,6072
 34,144758
 8,96159
 5,20157
 63,55325
 29,61247
 19,149945
 60,111047
 13,21937
 22,88720
 21,115321
 100,30383
 15,89524
 96,27333
 45,147439
 8,138307
 1,145564
 63,107492
 19,155273
 10,2183
 10,25480
 76,111395
 14,98972
 75,31528
 42,43590
 87,109468
 52,138915
 48,60479
 36,108330
 23,10010
 3,3684
 61,44752
 36,137784
 66,26125
 53,84935
 68,54199
 56,39431
 7,33927
 55,125438
 78,56528
 19,56789
 66,4788
 87,1888
 73,62925
 9,52114
 84,95015
 54,113618
 45,63661
 17,124226
 22,19158
 3,46867
 45,123233
 55,93137
 24,76065
 72,37766
 76,28494
 3,83408
 6,17704
 52,152280
 41,42687
 51,120900
 31,97154
 88,4672
 55,111031
 52,2883
 90,136700
 52,64333
 21,76927
 27,62446
 71,128863
 17,123867
 37,104233
 80,26626
 91,30103
 75,102047
 11,83326
 82,74297
 67,133798
 41,17047
 45,17491
 74,67449
 4,144183
 43,123311
 53,80579
 90,33061
 97,31939
 47,127170
 97,103184
 96,139691
 65,12715
 35,23872
 95,78552
 96,6341
 48,73152
 80,25731
 2,19971
 28,129150
 89,99699
 60,118057
 95,97496
 39,38537
 45,71477
 4,20391
 46,21954
 92,147046
 92,47839
 83,115529
 46,55478
 78,48371
 15,109504
 70,42584
 58,117150
 68,72994
 46,97429
 30,90143
 71,40750
 4,32212
 92,114234
 64,18935
 51,51755
 86,76641
 16,145053
 4,134740
 51,35049
 62,5402
 78,56976
 39,588
 71,78019
 46,42357
 84,15953
 42,18857
 97,137263
 52,147992
 33,11442
 89,146011
 78,150805
 90,150358
 6,112599
 35,38027
 96,75616
 75,118933
 3,134238
 9,43197
 17,103311
 30,59263
 32,13450
 35,85741
 22,42988
 26,125518
 10,36959
 62,87434
 7,39199
 63,84907
 76,72732
 3,39792
 75,37850
 86,54731
 24,110147
 34,145827
 64,4693
 90,101129
 57,42970
 80,9142
 73,44741
 68,61729
 69,150490
 46,19928
 41,125658
 62,99189
 93,157156
 77,140518
 11,62010
 2,93434
 80,74998
 41,10082
 14,87613
 37,44128
 73,62454
 38,33626
 23,17427
 18,62164
 42,69293
 40,95624
 68,147353
 32,93688
 14,56969
 74,113585
 81,151774
 4,30617
 49,43552
 85,105271
 12,109502
 70,22954
 93,31967
 7,30180
 13,31768
 92,105690
 63,159449
 30,80509
 92,74927
 19,105815
 90,137063
 100,131991
 91,147953
 9,65492
 46,25369
 31,68061
 84,84599
 79,8240
 27,94171
 85,23421
 67,100611
 3,19893
 5,79477
 98,67800
 69,5935
 64,105824
 76,152105
 93,108382
 56,17308
 99,148264
 96,152554
 72,32056
 48,22753
 71,25172
 74,91898
 5,44881
 70,56619
 77,110917
 40,80844
 95,90130
 31,145191
 35,37484
 94,34974
 81,91797
 64,40542
 11,107806
 2,49393
 9,52240
 93,126286
 73,71204
 27,26883
 71,108678
 56,85748
 49,43549
 52,4792
 94,61327
 23,25742
 71,150849
 69,3502
 7,108733
 90,55211
 44,128015
 33,120056
 11,14756
 29,92782
 67,104944
 15,86366
 40,94593
 55,117233
 82,14876
 57,52175
 69,34127
 99,138509
 79,83857
 47,1446
 36,31301
 44,31251
 95,37733
 95,3757
 6,27572
 52,134365
 59,85756
 47,32330
 35,67770
 36,150131
 63,128271
 99,4237
 34,155179
 24,83599
 60,81135
 50,140959
 41,120692
 34,132286
 11,119525
 8,24234
 90,118342
 47,13274
 22,87131
 51,5147
 19,152350
 2,20895
 20,51238
 99,145739
 28,142107
 60,159834
 41,29425
 1,155935
 85,77735
 65,98620
 39,104933
 53,83206
 29,108575
 56,94267
 43,7104
 92,156997
 77,96448
 85,151931
 48,155672
 14,104529
 55,32840
 89,151379
 39,48071
 63,7643
 34,15776
 18,62688
 73,3271
 36,67783
 20,107906
 68,121430
 60,131249
 36,986
 76,115172
 42,158433
 6,151389
 14,151545
 17,80512
 3,137494
 84,145209
 31,29938
 64,154808
 74,110167
 77,106153
 24,10695
 99,11924
 83,109810
 45,114586
 42,82970
 33,61656
 35,140375
 58,139650
 65,157573
 89,105425
 68,135555
 74,42843
 17,112216
 80,48927
 60,44185
 25,142881
 50,158700
 90,159307
 32,3860
 59,124491
 33,64333
 88,22766
 93,117454
 79,68782
 37,24532
 33,158047
 81,46624
 32,23689
 40,41858
 87,13400
 16,4552
 67,101696
 69,157786
 89,53255
 94,3103
 96,144808
 3,76981
 11,131069
 80,75246
 67,49383
 33,50835
 17,21931
 38,46381
 35,95391
 81,22733
 100,20591
 65,62569
 10,83667
 97,153908
 60,156366
 12,132203
 75,35334
 82,159135
 42,106171
 74,1330
 95,2973
 95,34199
 89,13555
 36,141447
 40,76767
 70,38810
 46,138363
 96,67692
 24,117979
 4,96779
 62,114705
 26,97668
 69,158226
 4,29361
 82,116160
 32,90670
 78,67923
 53,154749
 91,155105
 27,74383
 71,137272
 84,158569
 64,149471
 56,45644
 59,5319
 12,100536
 47,128829
 72,109966
 3,37874
 4,69319
 22,111093
 11,44778
 6,92840
 11,15390
 79,6756
 46,27014
 85,147661
 68,146843
 71,120185
 96,3045
 100,34795
 12,53405
 66,123348
 8,79570
 27,137105
 90,129188
 76,120312
 34,110031
 80,67118
 52,105128
 58,126105
 23,114106
 65,70413
 19,88628
 47,143113
 76,77660
 94,29632
 73,30834
 67,16659
 92,15563
 58,158936
 10,120228
 70,9922
 12,136763
 12,119135
 71,10022
 56,33906
 56,111353
 28,147945
 11,2970
 19,98638
 27,145571
 17,12266
 54,48425
 45,134576
 45,57758
 55,54177
 52,155970
 67,85677
 25,42768
 52,60745
 95,82655
 97,23353
 35,111475
 76,37002
 17,36389
 96,149578
 38,89777
 15,20161
 60,158655
 2,46032
 29,61352
 5,14714
 49,3418
 92,107087
 10,159560
 67,25956
 2,90613
 2,100232
 14,128222
 98,53567
 29,25512
 53,32305
 93,21002
 100,70691
 78,143080
 69,138833
 30,41250
 73,49210
 86,136214
 57,68686
 44,117267
 60,131392
 17,53714
 75,85165
 67,11329
 92,11741
 57,84655
 36,69162
 88,108254
 36,122894
 57,137851
 95,26798
 99,67967
 88,57518
 68,28261
 84,91229
 19,106177
 89,59177
 2,156358
 92,1693
 70,36625
 97,137578
 38,132077
 51,6003
 85,109545
 72,139116
 73,145048
 78,139756
 81,12867
 77,117597
 89,84455
 95,105826
 65,115574
 83,157742
 74,49930
 32,159429
 77,6205
 62,103102
 43,159518
 63,10131
 79,4255
 30,97870
 5,79216
 54,27964
 14,4640
 81,85256
 71,86903
 49,80729
 92,36097
 98,11985
 18,125581
 22,107705
 13,53748
 74,110207
 100,40647
 83,99908
 68,117251
 42,68259
 71,57885
 3,96493
 69,58518
 34,66989
 28,96612
 2,21634
 47,40884
 55,150225
 95,60347
 83,123216
 5,103216
 47,145430
 58,91756
 41,64634
 14,19768
 9,14066
 80,116973
 10,89059
 18,136449
 34,128469
 13,19038
 73,117922
 24,144885
 67,118641
 84,103307
 16,128808
 61,58536
 1,93070
 90,142838
 48,71886
 48,26436
 57,76313
 47,134797
 66,109295
 51,28666
 53,41858
 82,137021
 79,32212
 42,16990
 77,20141
 14,52978
 65,26376
 2,41464
 9,30949
 55,154599
 3,136666
 15,79477
 5,29776
 45,92852
 39,25616
 37,77633
 37,2634
 15,30108
 47,153630
 5,66089
 52,5206
 15,71233
 64,120954
 82,70247
 40,107381
 38,57303
 35,73347
 67,27200
 13,141563
 39,1754
 91,121821
 13,27648
 19,33982
 85,55289
 13,96136
 28,86804
 80,148439
 28,10114
 27,74399
 43,48022
 91,97069
 68,130912
 74,58817
 56,150275
 81,80767
 60,142701
 91,155676
 43,95351
 45,144025
 76,126713
 40,137008
 70,77604
 55,8665
 85,43027
 5,117437
 91,59773
 47,8871
 71,6348
 88,28384
 10,157786
 38,134713
 66,91038
 45,146100
 28,62130
 27,54961
 56,119606
 63,51457
 50,124627
 61,75659
 70,1512
 46,129215
 56,60350
 89,21524
 62,79280
 3,139799
 19,135108
 74,139880
 60,89662
 54,44485
 77,28308
 56,135104
 34,88792
 13,150918
 96,123683
 34,46577
 11,129448
 95,77068
 23,127213
 63,7919
 33,58838
 21,34314
 38,125212
 34,155272
 68,140128
 79,65926
 100,17200
 75,87520
 83,87609
 86,25452
 74,100553
 25,157981
 8,126195
 42,4436
 12,34029
 84,86520
 35,132543
 9,156756
 86,124956
 40,26034
 19,68479
 96,148630
 83,25994
 30,103348
 18,154408
 70,9108
 32,130842
 56,66377
 84,154077
 77,38166
 62,27721
 41,148947
 86,44973
 34,86420
 85,50307
 7,129512
 57,144851
 4,45229
 33,10486
 94,75252
 46,12171
 78,148396
 79,51640
 86,80453
 70,146333
 65,66166
 5,39201
 56,86131
 64,50073
 4,63172
 95,6863
 79,152324
 61,35727
 45,28681
 57,107090
 39,149806
 11,91038
 62,127665
 42,3046
 58,4678
 49,12882
 34,88293
 30,116178
 43,29688
 100,49954
 49,102536
 41,130884
 20,146276
 99,41358
 10,153577
 24,158748
 85,28434
 49,83359
 70,5159
 57,45151
 74,42452
 3,143790
 74,134864
 70,120520
 93,159132
 69,35821
 72,152466
 26,49510
 58,29359
 27,78159
 49,132023
 76,131191
 53,121911
 8,60849
 5,130325
 79,20132
 28,144517
 25,72466
 79,45922
 31,21515
 99,122530
 56,93553
 76,127278
 4,15476
 6,70795
 68,153121
 13,98383
 62,24577
 20,55207
 32,26894
 31,92695
 59,68862
 28,34647
 69,148243
 27,78131
 1,21818
 45,124177
 68,35876
 59,27930
 90,24392
 13,135981
 88,25563
 5,34948
 47,156804
 73,127057
 71,143102
 80,109807
 5,115764
 98,97208
 66,73779
 89,122433
 69,53374
 13,59727
 18,147379
 63,3431
 54,111090
 91,7962
 64,153114
 4,38123
 75,143562
 48,110126
 75,109715
 47,56485
 19,46665
 67,148839
 37,150482
 1,144028
 97,105444
 2,1820
 2,121565
 53,4408
 57,89559
 21,12617
 45,76723
 12,134665
 92,94075
 16,40858
 77,46762
 89,83559
 72,99508
 8,42743
 31,79414
 51,29467
 92,120594
 55,9657
 47,60183
 92,73166
 30,134846
 31,7010
 67,20196
 47,65183
 47,48063
 75,127529
 1,19194
 82,57916
 17,16259
 68,129371
 40,6257
 7,100834
 54,74954
 4,122186
 97,97052
 10,115477
 64,49730
 18,115628
 1,144926
 6,148666
 49,153324
 12,22756
 88,45815
 67,103069
 28,21327
 31,20903
 49,37945
 51,140955
 51,83930
 1,147027
 65,54632
 23,43200
 98,122652
 75,101494
 29,10784
 89,50587
 21,25495
 32,8311
 96,136253
 50,19111
 46,68891
 70,77009
 90,131693
 39,20402
 86,100352
 50,138620
 18,97297
 44,33241
 60,15911
 95,145891
 47,99446
 1,134266
 20,54801
 91,87459
 82,151550
 90,35566
 69,53587
 41,51494
 86,92848
 22,46640
 80,99642
 45,149816
 22,28333
 75,112890
 78,25601
 93,69826
 61,9997
 74,27379
 17,111692
 6,32850
 7,67265
 37,112446
 56,151852
 72,87588
 7,123787
 32,99179
 11,114639
 88,68116
 100,28515
 14,155117
 11,58395
 17,146120
 23,72616
 28,21735
 46,87951
 50,38063
 73,83870
 33,46276
 22,30291
 12,100954
 19,26836
 22,156089
 76,90816
 34,73476
 74,101224
 17,97732
 52,58364
 69,47153
 65,36218
 7,112647
 57,122680
 99,16669
 26,63510
 82,131546
 92,3121
 95,148766
 51,47105
 96,16260
 79,95901
 29,122391
 88,58476
 10,134785
 90,144404
 11,83399
 74,130073
 20,13260
 90,71961
 77,47509
 26,8453
 31,62416
 71,137407
 43,103166
 74,77501
 88,92925
 3,126719
 11,66051
 10,52953
 74,31003
 95,14755
 79,158416
 34,73569
 66,113476
 94,105148
 54,53077
 18,106962
 80,95930
 77,52008
 54,141802
 25,139584
 17,129496
 26,92830
 31,57617
 32,83071
 10,48938
 81,139567
 18,105556
 93,106595
 88,158778
 54,94887
 89,8208
 11,65586
 64,108003
 63,50234
 37,50113
 65,8511
 31,155033
 23,50607
 5,134422
 16,13829
 56,56628
 46,85660
 27,131940
 54,120167
 75,12828
 10,155837
 47,112722
 20,119172
 57,49686
 89,144769
 67,73881
 41,150740
 69,31393
 33,74247
 12,88469
 38,98548
 77,114987
 66,28869
 30,44128
 29,69225
 35,39848
 60,61040
 78,121059
 18,156772
 60,107258
 64,72975
 80,152888
 51,13679
 45,99900
 55,62065
 2,141384
 99,100736
 36,18788
 24,152862
 21,4185
 69,57894
 35,115215
 63,45646
 2,119233
 45,87389
 87,91224
 5,52778
 70,1541
 31,66180
 18,42943
 75,145206
 52,113032
 61,37777
 62,46995
 62,43679
 31,151114
 25,141396
 50,44772
 24,149678
 13,27834
 43,57717
 59,119822
 43,30892
 86,905
 71,23328
 6,91431
 75,11849
 61,155618
 67,108078
 23,22896
 30,156450
 51,94305
 64,153509
 22,71230
 91,151510
 13,10400
 96,56186
 74,38154
 33,114727
 3,64417
 81,68458
 24,16949
 7,131388
 44,147244
 23,149154
 69,28636
 55,107316
 33,88998
 79,47495
 47,3507
 92,151438
 61,74913
 48,1809
 52,41215
 48,15281
 71,118173
 90,116996
 63,29480
 71,5841
 95,51623
 58,154153
 3,79308
 27,146121
 60,112499
 85,120702
 31,75832
 37,5762
 87,64335
 98,140163
 44,118627
 60,24335
 82,40180
 47,146525
 30,134413
 93,136842
 22,78188
 2,760
 67,79502
 17,58303
 72,116258
 77,146935
 63,108905
 43,96561
 94,35149
 32,125571
 11,30273
 49,110853
 31,125788
 17,124078
 25,87179
 79,30429
 17,84889
 26,25734
 25,80687
 12,7100
 79,121355
 99,25752
 90,136206
 33,67372
 21,113335
 51,154778
 31,128897
 36,86521
 16,128014
 22,19908
 89,124092
 65,107777
 79,52888
 40,135904
 2,114450
 12,118241
 60,109863
 55,39305
 99,5994
 63,93934
 37,27995
 66,154050
 29,26240
 89,54284
 95,81015
 27,33866
 83,72352
 97,47467
 60,159790
 21,133184
 58,87793
 46,88246
 84,4943
 90,9044
 31,123388
 38,54543
 1,46653
 83,44474
 25,143905
 48,104481
 49,14539
 68,5750
 92,147207
 78,96236
 95,115244
 84,60844
 35,100200
 67,16363
 49,100961
 22,76621
 81,127722
 43,6311
 33,119642
 65,42130
 29,6546
 69,57704
 98,116975
 74,29822
 11,136779
 41,22468
 3,142975
 25,54873
 9,72583
 66,131874
 77,44386
 18,61672
 12,21651
 75,80839
 68,12218
 9,70473
 27,16150
 62,50370
 93,90190
 56,39760
 56,54960
 39,149440
 5,105558
 61,418
 92,75441
 19,150268
 40,154737
 68,84228
 64,53059
 26,40147
 30,30133
 73,36713
 84,102832
 78,101059
 64,116798
 82,145084
 79,155125
 57,146953
 85,103616
 37,43036
 10,106690
 56,37796
 25,126928
 84,70033
 60,85310
 89,16000
 26,35470
 22,134803
 85,102686
 90,148379
 9,107565
 72,83481
 62,51577
 20,79378
 76,33786
 82,125149
 98,80432
 17,36779
 70,2424
 17,29111
 70,122336
 73,56436
 33,81723
 83,42953
 92,135703
 29,105964
 60,69641
 94,6397
 64,155451
 15,97863
 39,67871
 49,56218
 77,124319
 90,90734
 61,112916
 47,50204
 3,114504
 68,125059
 89,26170
 12,115729
 69,110706
 86,107112
 59,38971
 28,15322
 16,114208
 87,118508
 65,101450
 91,115300
 72,17067
 42,50967
 94,96484
 90,32677
 28,125841
 20,131043
 76,127947
 32,74916
 79,37380
 34,28028
 51,63123
 12,33768
 42,55893
 2,7397
 69,102659
 75,74980
 72,113879
 52,121825
 20,60501
 76,41597
 98,65884
 61,127710
 32,81419
 99,107739
 54,26579
 13,114696
 34,38507
 67,42012
 73,144856
 96,73895
 1,97523
 75,31837
 60,62990
 2,60985
 95,113160
 20,34619
 85,57289
 56,79764
 57,80138
 52,148152
 82,40983
 46,56781
 37,2934
 3,86082
 4,21616
 1,44174
 31,79508
 8,6073
 97,155826
 46,70276
 40,69074
 6,49347
 35,136082
 87,44270
 2,130023
 89,98832
 72,143517
 12,121562
 35,97927
 20,114794
 29,138964
 20,40176
 57,10092
 10,87924
 75,41139
 15,135006
 11,125991
 42,111972
 55,125878
 25,44851
 98,143552
 39,145935
 5,20959
 39,108072
 7,124971
 77,82963
 26,131976
 86,148521
 87,54205
 12,115185
 63,94713
 30,54662
 66,126144
 9,79312
 70,157123
 58,88398
 8,62115
 85,3970
 97,34627
 23,124740
 2,31545
 11,120747
 27,78902
 68,73930
 32,136209
 35,81165
 13,141792
 20,100118
 74,128527
 92,95747
 55,85223
 32,71633
 16,14636
 79,99638
 36,11621
 39,90253
 73,98070
 63,23940
 39,33888
 81,64713
 69,127173
 3,146746
 78,26114
 16,135297
 71,20871
 34,140562
 81,8313
 14,41498
 20,126116
 70,49858
 58,135735
 98,46360
 61,70292
 91,112837
 83,39971
 15,28895
 67,9772
 95,18695
 19,30731
 3,49266
 87,18825
 16,19530
 21,106430
 69,85700
 58,25973
 93,83863
 32,75434
 71,99649
 99,18146
 1,153275
 24,140605
 30,11089
 23,123949
 8,67086
 10,154881
 67,11994
 70,6102
 49,113
 87,76870
 96,76464
 11,93589
 49,68046
 90,104585
 6,125516
 86,16838
 29,98723
 41,75981
 87,33185
 45,94854
 75,72792
 13,67530
 100,112067
 94,95238
 26,82882
 72,91538
 5,55006
 90,75779
 45,78072
 43,66351
 90,115484
 37,77430
 43,140091
 36,33857
 8,36763
 77,97171
 91,26204
 21,47817
 39,3968
 60,30551
 7,121613
 29,6828
 39,159563
 65,73149
 61,25652
 16,14505
 31,129571
 90,131552
 56,67758
 13,104173
 73,132697
 69,88052
 100,6478
 63,135446
 18,75219
 6,103064
 77,87059
 91,29697
 80,85536
 98,90145
 70,136989
 37,13529
 60,53321
 45,69938
 64,11931
 25,36754
 89,139820
 58,114978
 42,127625
 76,92519
 6,124314
 18,102362
 82,29494
 74,136861
 32,55252
 18,91972
 17,141764
 90,66341
 82,51559
 53,126701
 17,125230
 77,73948
 64,116794
 51,61748
 51,119242
 47,58840
 48,79984
 40,33121
 26,90843
 19,75956
 8,123312
 36,29290
 80,49696
 33,36543
 49,109446
 28,131476
 45,84736
 87,110697
 57,112616
 50,119315
 53,146698
 98,144724
 27,86617
 25,1682
 31,107874
 68,159511
 55,87432
 81,122254
 76,44287
 82,50200
 13,96615
 24,26545
 45,132790
 89,141466
 25,114521
 45,6841
 12,11449
 8,42716
 62,103284
 20,125956
 42,49162
 37,21840
 66,57611
 20,33160
 27,9780
 89,51602
 41,47395
 2,91156
 81,1049
 41,102296
 68,28271
 2,106209
 53,62960
 75,79549
 93,77838
 88,107612
 51,126098
 84,92478
 85,76259
 70,145220
 48,16485
 81,78849
 72,121833
 73,62008
 47,98020
 21,96454
 88,87065
 31,34164
 82,103521
 57,150005
 100,73080
 25,4108
 10,20348
 55,117601
 82,152240
 64,128434
 7,59772
 67,33321
 43,22104
 1,129861
 75,95041
 36,92433
 53,100850
 53,100928
 73,17063
 61,51443
 83,123297
 85,158948
 9,118958
 74,29619
 12,92802
 97,120043
 27,118534
 85,4102
 39,38146
 50,106568
 47,5101
 33,92056
 31,96367
 14,100587
 99,129791
 60,19159
 58,34338
 58,151382
 78,29992
 2,47881
 89,82222
 77,49221
 10,15715
 99,99576
 28,80612
 82,66317
 75,125058
 82,74411
 54,26470
 47,144672
 79,116755
 51,129152
 85,91909
 72,54770
 32,17708
 47,155504
 93,73527
 100,98886
 52,23637
 45,144189
 79,145616
 85,129980
 3,15882
 68,11968
 30,137785
 2,72916
 44,149896
 2,107708
 9,149107
 64,66203
 50,65507
 60,148322
 49,104016
 49,53633
 6,133420
 13,93269
 9,111191
 54,138799
 82,7890
 11,97924
 30,131598
 65,141320
 27,34857
 73,92363
 43,7848
 95,6858
 57,81646
 57,80117
 93,50381
 15,18547
 78,141613
 28,156240
 21,47817
 96,75391
 89,18285
 17,63385
 71,109165
 97,98832
 26,90900
 38,60580
 1,14804
 97,125687
 21,33159
 7,144971
 36,9346
 88,49175
 72,108534
 25,102583
 71,5699
 19,148186
 5,70106
 97,115913
 12,3269
 96,83950
 14,31530
 36,89183
 81,151392
 52,63243
 25,149757
 78,44459
 44,159600
 47,146811
 92,65566
 15,86192
 46,55053
 90,76602
 49,39711
 62,136059
 65,11675
 14,58530
 22,50680
 55,74624
 41,77445
 58,103676
 3,102689
 13,151176
 53,113489
 35,141450
 64,26116
 32,109180
 45,106092
 26,50118
 31,93663
 75,151507
 5,70451
 23,106826
 33,137427
 77,72160
 78,92451
 75,106783
 91,60371
 8,39757
 29,13781
 42,80900
 32,147390
 10,77128
 20,130702
 42,150076
 47,16360
 49,124631
 94,22536
 52,84816
 37,107823
 43,59684
 14,128780
 30,21427
 12,152102
 85,9831
 63,19987
 68,93660
 85,89213
 41,119278
 50,80169
 81,110518
 6,143705
 46,93571
 81,101946
 42,12654
 58,101805
 83,83002
 6,104846
 85,40947
 33,141082
 69,60467
 65,118209
 99,98839
 99,20854
 49,74896
 59,92592
 4,147146
 6,125063
 32,46885
 28,4580
 21,6217
 94,20155
 65,34609
 7,158463
 92,110659
 17,158096
 79,14490
 17,81914
 32,145841
 53,22147
 31,109841
 22,62231
 71,13895
 99,152609
 90,64762
 62,331
 83,66400
 39,112497
 79,122166
 79,70149
 30,9618
 64,2445
 43,7023
 26,141314
 35,19188
 26,159111
 9,62780
 83,72892
 88,131703
 40,94901
 86,96279
 22,31265
 3,142210
 39,138316
 81,154546
 58,94426
 19,77669
 47,64335
 6,13810
 50,80384
 100,146176
 58,41504
 75,111775
 43,36129
 64,25372
 6,61833
 93,15398
 30,39342
 34,115964
 81,104701
 76,67248
 15,39303
 22,102147
 83,83085
 35,151734
 54,24244
 47,155836
 8,14941
 55,157558
 54,31938
 34,65969
 79,120255
 100,88999
 44,54321
 34,47076
 10,97939
 84,43531
 25,37561
 29,53201
 24,140681
 100,147717
 1,74856
 26,151211
 68,146783
 56,1733
 90,58303
 76,3574
 4,137976
 51,87810
 79,46931
 95,60305
 7,56128
 6,11804
 16,137501
 39,131419
 4,54990
 91,132344
 37,61089
 13,96123
 46,125183
 37,105303
 69,34117
 74,100286
 93,113873
 44,65098
 66,13077
 94,115588
 91,69490
 64,51887
 16,101573
 59,116142
 40,129695
 81,41126
 14,142876
 28,50671
 27,79688
 20,148486
 5,48451
 52,136110
 72,4813
 86,105959
 30,107971
 98,89881
 78,80051
 55,4567
 19,8682
 27,63141
 87,133957
 79,119674
 50,5070
 11,23661
 58,77347
 100,100832
 69,86727
 44,48207
 58,104721
 41,152941
 2,129794
 10,158874
 66,68385
 31,75103
 7,32784
 86,22110
 32,5890
 26,9827
 82,145400
 52,66717
 30,17660
 80,32610
 11,50968
 72,73443
 80,51666
 63,87153
 6,50138
 52,134400
 1,48409
 48,121515
 25,87690
 16,32888
 90,73389
 73,5949
 51,5778
 43,69315
 37,30191
 29,99055
 46,128196
 42,85077
 34,120956
 15,127279
 88,116117
 56,116906
 15,32089
 5,97358
 22,51805
 52,40708
 43,39542
 64,112340
 54,120639
 62,128957
 84,71582
 93,105928
 12,98213
 82,62582
 48,718
 80,97906
 87,151383
 94,125261
 58,132287
 6,13543
 9,125315
 3,99632
 72,11631
 92,41528
 9,59364
 75,147152
 2,65019
 12,34800
 59,93912
 83,156261
 99,134695
 35,81067
 44,143137
 51,14178
 51,110311
 10,124855
 20,21459
 100,114052
 33,6444
 67,37917
 37,36154
 99,16332
 75,71615
 74,98458
 50,97588
 22,3085
 19,100924
 80,91362
 39,152277
 22,29932
 32,77811
 88,90313
 78,3686
 38,15251
 91,21525
 57,104608
 58,151519
 64,133212
 66,57634
 67,89309
 66,106423
 35,126435
 68,121939
 15,125643
 7,14469
 1,63327
 57,50190
 15,20921
 36,14967
 78,41489
 87,81987
 69,158396
 66,19693
 25,82292
 10,54494
 98,111836
 48,151885
 2,76119
 65,19723
 58,5747
 66,103106
 95,87905
 76,54604
 3,112672
 36,62008
 14,68925
 43,5048
 73,54078
 59,90089
 87,91336
 63,4226
 54,124173
 78,140514
 62,14222
 99,25076
 2,4618
 38,83584
 79,83702
 66,108352
 95,41368
 7,123549
 89,12203
 38,102219
 13,30236
 47,4791
 93,45112
 38,148074
 3,132290
 14,5150
 78,89881
 28,130115
 78,38149
 97,2207
 12,135412
 55,14823
 22,89574
 87,56747
 96,55591
 72,93754
 93,121252
 89,48019
 77,21375
 57,136499
 92,142962
 74,41579
 19,42424
 54,157541
 59,127635
 81,64404
 64,7424
 24,28580
 90,23432
 23,68955
 10,124030
 60,25939
 73,146766
 100,32738
 93,80590
 68,48159
 79,76543
 82,59650
 47,42404
 4,21670
 75,56570
 79,59402
 29,143136
 7,135621
 50,70240
 62,77492
 85,134707
 98,79718
 79,136451
 70,72222
 77,142759
 31,149818
 78,149344
 52,49849
 14,2781
 55,95783
 74,41436
 75,92012
 85,110820
 68,121613
 77,14135
 44,21489
 10,13330
 20,100035
 81,125648
 69,8321
 8,106838
 84,155452
 64,104844
 93,4354
 21,94089
 57,27724
 54,7455
 79,75630
 12,111689
 80,43250
 95,112272
 2,80178
 92,22217
 94,103829
 10,40909
 72,23384
 66,23656
 30,74248
 62,83166
 93,109457
 3,56623
 83,67171
 23,2739
 47,73145
 24,45675
 58,92654
 28,157240
 96,121673
 49,33487
 71,123988
 22,68011
 26,36749
 10,57481
 100,133900
 9,23484
 31,147867
 65,70695
 74,137227
 6,51101
 87,149865
 58,73234
 90,16739
 89,82741
 20,74993
 51,148036
 91,46669
 87,94907
 85,87160
 80,136412
 41,103203
 89,151620
 44,58
 66,139835
 36,66907
 51,133560
 52,50970
 35,137388
 49,23573
 83,136684
 19,103372
 87,131696
 2,49468
 23,31961
 53,136753
 11,31048
 46,150568
 40,150677
 68,42048
 13,76146
 27,126540
 45,139689
 16,144159
 25,4474
 77,69120
 68,154196
 87,92151
 89,82044
 87,31695
 79,74780
 57,30335
 51,13266
 63,78814
 70,111588
 66,91269
 85,150126
 95,138557
 50,70308
 7,97141
 1,31926
 85,39423
 9,82752
 35,142923
 55,6094
 78,147843
 29,17091
 44,97808
 16,154011
 20,146839
 45,18863
 79,32867
 29,37662
 27,107591
 70,86295
 91,43644
 82,35722
 68,122068
 6,76908
 26,107199
 7,112215
 99,52176
 39,81048
 86,123473
 78,129378
 94,50961
 59,136455
 80,121846
 98,142578
 58,140652
 26,7171
 36,7732
 25,26926
 80,114845
 21,7553
 100,110259
 31,110181
 19,49652
 39,79613
 68,126691
 32,111722
 59,74797
 30,137538
 53,100050
 33,89208
 100,94443
 66,143833
 95,88008
 25,84554
 13,86689
 78,128586
 5,7761
 66,133976
 74,88556
 43,142787
 49,58639
 75,143439
 11,21002
 20,115317
 12,155521
 26,50161
 57,8986
 39,4398
 79,131009
 34,143797
 20,61461
 78,84373
 16,73602
 42,117015
 74,57285
 35,65445
 97,2740
 52,84555
 50,131724
 70,88847
 43,7423
 16,55522
 3,52359
 29,16125
 26,5371
 45,53537
 80,96957
 80,38970
 79,27470
 79,22216
 66,28750
 51,25772
 46,76150
 56,90550
 23,74560
 15,66457
 91,39515
 15,139573
 70,27517
 23,104118
 80,133964
 56,10176
 18,96701
 89,77323
 97,74392
 22,50261
 46,26158
 71,39022
 39,43488
 43,10497
 32,37093
 78,24057
 76,69792
 39,124033
 89,41977
 85,47554
 77,66833
 94,1750
 72,2838
 64,55187
 52,111535
 2,60666
 60,45339
 52,110003
 15,20342
 96,66005
 59,31809
 4,72611
 4,1922
 45,92266
 85,81856
 57,61003
 42,140097
 50,75490
 74,93183
 93,34337
 64,41392
 20,104777
 89,108198
 38,148557
 36,94742
 6,60121
 58,113727
 16,143271
 85,138344
 61,46433
 83,82989
 100,41684
 28,53999
 68,108024
 21,52460
 22,45732
 12,55867
 86,82578
 22,156079
 57,25419
 38,98765
 2,5936
 51,30152
 94,5173
 45,47487
 79,16847
 35,147454
 33,80446
 87,12123
 79,126560
 52,130510
 59,23248
 49,74006
 83,16964
 90,46485
 56,50644
 52,9224
 82,28409
 80,36617
 48,46805
 83,58025
 20,125796
 4,118873
 5,98839
 20,66746
 82,142167
 94,21245
 49,74977
 32,39402
 36,59460
 57,90692
 51,73338
 27,121524
 27,86002
 19,114237
 70,45775
 30,151622
 23,65828
 3,106503
 92,151695
 11,65954
 82,9057
 26,93537
 60,30299
 97,55156
 62,154354
 69,79765
 2,124662
 65,146395
 25,11463
 53,155138
 92,66512
 56,23801
 78,33098
 49,145901
 91,47861
 15,76925
 52,10399
 30,149707
 19,136521
 58,51045
 42,148522
 29,127597
 65,4765
 79,31847
 27,55653
 95,156194
 19,18123
 2,74940
 23,147171
 39,26016
 18,12886
 1,9084
 44,99331
 69,77688
 41,4961
 82,10592
 23,46728
 3,17875
 74,32889
 6,107822
 3,19498
 42,33385
 18,56295
 94,19620
 97,102442
 42,3615
 61,384
 29,118853
 69,105212
 97,31997
 30,87546
 38,16314
 18,59211
 94,136744
 80,145927
 96,2866
 84,52719
 58,44737
 9,63305
 82,157121
 32,135069
 67,57046
 44,115876
 88,148679
 85,23721
 5,122821
 81,79722
 13,23788
 49,147300
 99,36271
 26,92284
 55,19621
 23,11410
 94,40168
 74,32919
 85,76124
 21,140675
 91,36216
 29,152977
 29,139117
 66,29111
 71,99551
 63,98442
 14,5472
 72,79600
 95,17679
 7,64614
 11,145381
 30,45674
 84,21068
 61,100688
 31,110650
 22,42380
 94,121292
 60,35135
 15,34398
 64,111118
 58,105625
 2,3907
 22,126568
 57,6916
 53,20137
 93,68714
 14,63740
 94,39532
 8,92650
 58,33560
 23,148948
 10,130264
 90,21106
 71,159078
 20,93495
 40,80268
 12,145169
 76,30907
 18,136242
 39,34371
 63,101289
 44,47098
 60,34275
 7,58338
 88,116311
 3,159107
 3,134880
 26,16995
 18,150364
 23,111751
 6,2034
 53,129083
 100,92926
 33,133032
 22,49614
 16,137251
 26,80770
 5,67333
 4,62277
 51,18313
 85,76643
 75,122293
 42,112988
 80,139106
 63,140540
 30,100758
 23,135979
 60,159228
 49,82128
 10,68728
 62,122507
 82,80379
 28,76673
 74,106370
 10,155649
 89,46541
 9,38211
 80,44668
 27,32071
 53,154561
 78,49966
 2,104269
 64,7940
 96,121527
 62,115385
 30,13414
 8,11120
 61,51352
 73,32253
 78,34581
 33,155073
 45,38416
 87,72460
 15,110997
 55,95147
 4,89857
 70,90509
 66,59766
 17,121027
 50,108511
 69,130281
 9,14359
 73,122542
 62,23249
 36,91629
 63,57501
 56,18044
 6,85060
 95,159311
 99,18336
 56,115471
 62,136738
 21,152784
 60,10058
 29,79677
 51,104114
 88,104710
