8000 320000
 8,169280
 10,243770
 66,259483
 15,101611
 81,111645
 90,164678
 14,109669
 40,169727
 3,235936
 95,306575
 26,150554
 2,187356
 94,210223
 54,27978
 14,20182
 32,124881
 39,110813
 98,230104
 71,44140
 47,279600
 97,180502
 75,163507
 41,281375
 5,208155
 85,281509
 1,29906
 57,102021
 18,194162
 78,125348
 86,237534
 37,171982
 56,40223
 14,99230
 44,65251
 3,117955
 11,21941
 50,107072
 46,171155
 5,293736
 91,155127
 81,165916
 36,189159
 26,74751
 8,239767
 84,854
 64,160090
 35,214754
 41,101596
 40,269417
 54,16654
 72,50472
 54,107768
 93,138514
 65,306259
 83,36341
 22,313045
 61,230297
 65,247901
 68,36103
 24,24291
 99,107751
 12,221504
 78,3757
 83,208505
 15,193890
 13,270818
 62,161689
 53,127544
 28,32489
 100,287550
 50,171524
 26,147668
 63,209530
 23,50325
 25,163341
 10,139656
 69,145968
 9,71391
 71,62963
 29,235332
 49,141272
 99,148245
 86,229210
 54,261451
 58,68149
 63,249655
 3,279980
 86,204596
 91,11069
 43,33114
 40,282250
 45,201622
 24,235347
 14,198794
 24,297979
 43,194379
 80,262561
 63,110527
 53,119293
 68,145300
 12,275683
 86,267370
 19,258295
 88,183871
 1,254701
 19,284213
 39,17888
 41,36023
 4,318924
 93,65520
 23,120966
 72,250798
 46,303226
 53,154823
 39,145225
 90,65576
 10,40535
 55,45316
 43,239922
 35,193907
 37,253991
 72,265081
 39,53360
 15,111986
 86,175499
 25,116019
 10,117988
 50,55316
 2,64772
 37,109747
 13,5394
 37,279284
 80,52415
 9,298915
 12,259298
 36,20651
 43,241519
 99,311016
 78,188054
 21,15439
 99,204397
 59,250932
 41,35149
 39,19245
 47,150551
 99,38575
 19,87623
 98,290054
 48,272171
 95,269729
 26,261658
 50,152017
 50,150330
 41,315767
 86,234554
 77,290034
 67,287019
 38,274271
 4,274175
 77,157009
 69,119999
 90,260791
 67,304368
 59,70839
 86,70409
 94,146043
 1,287300
 97,79755
 61,29622
 43,270180
 33,295528
 22,68415
 31,220543
 62,158430
 48,120426
 30,112608
 59,159300
 61,190846
 12,54950
 75,214481
 41,139201
 59,252647
 82,114937
 48,275932
 46,44632
 34,100802
 100,160504
 24,124817
 45,5334
 25,243284
 45,215345
 82,219615
 53,157423
 86,192598
 38,141816
 99,42586
 35,313696
 90,301197
 23,157033
 11,244543
 66,226144
 15,256485
 2,199784
 70,192947
 62,251155
 78,83349
 7,203076
 12,147517
 31,82561
 38,312263
 58,233221
 75,172959
 55,120192
 10,26874
 36,110260
 63,271973
 11,206577
 85,245208
 33,256084
 57,52455
 85,135703
 91,235647
 97,15269
 4,169704
 94,170927
 19,106810
 26,164965
 78,235410
 85,254330
 93,78125
 19,18879
 43,139735
 51,7923
 92,212828
 50,113220
 58,294962
 19,218952
 35,276627
 67,139977
 71,245471
 19,261239
 87,286373
 43,103773
 98,313890
 38,247669
 18,281334
 73,36508
 15,298591
 84,59599
 43,69910
 16,148091
 60,40711
 5,249656
 29,218046
 11,71255
 52,240712
 68,93586
 92,61713
 62,65332
 97,249374
 12,287070
 64,110322
 73,35244
 52,145670
 23,72336
 67,57476
 87,111328
 45,159739
 72,30178
 31,47465
 38,184294
 87,142933
 70,105724
 29,78731
 45,302133
 97,284541
 11,197450
 44,182557
 76,232065
 72,146304
 17,45529
 16,168901
 62,307601
 5,103030
 85,190350
 30,119723
 22,45209
 9,304184
 86,7939
 2,284847
 29,62277
 4,284089
 65,136985
 71,285412
 70,207295
 58,157177
 18,791
 95,183895
 84,6238
 10,254450
 51,267051
 52,213077
 67,24244
 45,170686
 32,58432
 36,35474
 55,84348
 15,154481
 6,91663
 43,128785
 73,189200
 26,203225
 10,178164
 65,244896
 11,135090
 92,72687
 43,40181
 94,155091
 70,244930
 72,230723
 81,161311
 85,181388
 77,132140
 56,194703
 67,96505
 27,9961
 47,264192
 70,88944
 67,179257
 61,103025
 97,87447
 49,221867
 76,80610
 74,16620
 41,121614
 90,274949
 27,175427
 7,98675
 50,277037
 86,121032
 20,263228
 89,13689
 10,206731
 21,140210
 37,254683
 37,94234
 37,152504
 40,219547
 36,7686
 73,244359
 92,178064
 13,258606
 82,75804
 61,131618
 49,138530
 88,143
 96,10584
 58,31369
 89,194922
 24,256397
 14,299267
 76,248108
 7,132446
 64,159285
 88,271352
 3,283364
 56,495
 99,69335
 4,297924
 34,141049
 18,251246
 99,129171
 9,103322
 71,282687
 4,18227
 3,308050
 54,285224
 39,174447
 91,164271
 76,136699
 22,210597
 24,183669
 88,202880
 19,110123
 83,218472
 11,50640
 87,300801
 97,162743
 75,66605
 18,25670
 89,11138
 54,227303
 40,25956
 10,158636
 67,88419
 48,315952
 91,16272
 9,297506
 33,244655
 33,259919
 83,188945
 92,14379
 83,251822
 53,162862
 66,134007
 58,210272
 86,184978
 68,236803
 77,109551
 19,306609
 82,27539
 60,132103
 24,131082
 71,240979
 18,62723
 77,108022
 48,226471
 48,182187
 89,157085
 82,125939
 69,210619
 25,138343
 30,289201
 55,185860
 16,66778
 83,149303
 95,42416
 22,25357
 74,85220
 50,95283
 46,26134
 77,208301
 50,40067
 25,36887
 10,57298
 25,47442
 5,88688
 93,165046
 79,259407
 3,26796
 100,79712
 37,218100
 36,245958
 99,315119
 37,147749
 63,11801
 58,101234
 66,277483
 100,105109
 25,302809
 23,302464
 62,198720
 56,68424
 38,261330
 84,264530
 75,318442
 9,260373
 61,260416
 15,301372
 16,252176
 97,41882
 5,41520
 84,32480
 13,243961
 27,104006
 68,168014
 94,59424
 67,215759
 53,244187
 43,282594
 65,161973
 89,69068
 36,148092
 2,39399
 15,308710
 22,132950
 8,158708
 51,193120
 26,145575
 71,272051
 95,241987
 91,215382
 65,199285
 83,64267
 52,204991
 49,204370
 93,63528
 50,195864
 33,225324
 5,27359
 34,98730
 60,70424
 12,174908
 84,52382
 69,269522
 32,86443
 7,177774
 98,165926
 64,137956
 49,125227
 83,255715
 38,127076
 8,74004
 100,280595
 38,71342
 25,138559
 18,194958
 35,206642
 79,319081
 23,299883
 4,162451
 29,161397
 47,307776
 79,62814
 53,10482
 29,139192
 87,13356
 69,35513
 61,162329
 26,83998
 9,227668
 61,312032
 24,123013
 5,251330
 73,30433
 79,290431
 62,59578
 59,280781
 57,237856
 14,86742
 20,290749
 87,69547
 58,105149
 95,50752
 85,242845
 25,254241
 19,154766
 9,199235
 52,80515
 74,183392
 73,114980
 48,38438
 15,108178
 30,139436
 2,166573
 8,185788
 95,73738
 34,75252
 98,213488
 32,86882
 19,119170
 12,42317
 19,154841
 56,237170
 53,227215
 12,38287
 72,63326
 14,98413
 6,83308
 69,75926
 6,121381
 12,150318
 59,9503
 16,76755
 92,312421
 78,105260
 43,19822
 51,276736
 67,39840
 4,257321
 99,130017
 48,260695
 93,812
 84,242829
 31,39953
 18,61494
 5,120170
 33,83124
 33,144855
 38,29128
 32,199637
 38,47603
 18,202603
 93,104624
 73,128852
 53,195753
 52,262028
 21,19333
 22,113101
 57,250073
 73,174000
 77,143737
 9,142691
 3,234852
 12,60315
 37,319456
 60,285248
 45,258282
 28,23750
 15,309280
 43,185710
 8,154420
 3,34121
 59,309365
 9,170602
 31,313373
 51,258312
 85,255024
 30,170503
 35,57642
 29,270199
 4,268850
 20,232043
 75,39834
 60,67394
 65,96720
 20,109799
 96,261855
 25,270300
 22,2151
 93,80370
 31,270623
 1,126621
 59,255874
 25,96859
 29,179023
 75,310262
 37,266318
 3,211074
 25,206288
 66,169469
 56,7139
 62,176442
 17,250688
 81,90327
 89,65962
 76,126493
 41,246337
 64,267915
 73,239526
 29,239436
 17,223777
 41,117911
 89,6020
 39,39923
 61,163399
 91,245321
 35,194469
 79,225853
 89,14191
 75,310725
 23,28355
 38,269273
 66,153727
 54,35132
 52,231045
 7,264167
 47,79256
 49,172104
 60,77234
 16,12409
 64,265879
 68,307154
 17,136553
 71,111169
 46,300410
 97,273546
 5,247847
 81,138183
 96,229549
 54,247943
 24,6854
 10,113399
 9,489
 67,318805
 93,102738
 19,780
 74,254363
 16,64956
 96,82736
 17,16965
 39,271142
 81,317153
 74,97751
 44,30064
 84,282851
 48,259932
 76,285264
 79,56879
 5,285786
 3,109661
 37,11810
 76,231999
 8,117865
 10,182389
 62,252393
 24,299489
 20,285267
 25,199246
 14,129876
 54,154131
 96,113162
 77,186594
 97,18869
 39,29859
 100,128266
 13,100485
 98,274335
 55,289308
 89,104066
 17,185091
 16,90569
 13,26531
 33,260905
 10,162723
 7,185064
 1,271909
 56,181103
 1,124377
 89,158069
 39,54421
 58,276363
 73,52967
 93,98329
 65,102194
 4,153851
 61,193129
 3,6449
 30,294795
 79,130979
 58,49369
 42,147142
 69,22864
 11,46155
 83,257726
 58,209872
 71,149543
 30,272976
 41,24316
 25,90400
 93,295789
 20,86315
 65,62531
 73,189965
 15,163615
 21,173045
 39,130462
 89,5784
 40,311218
 19,168725
 65,270367
 90,293150
 19,283458
 69,89933
 14,137040
 71,214006
 38,1252
 8,305454
 33,18442
 48,116017
 80,76036
 68,307148
 38,76098
 32,81895
 94,162622
 86,72936
 67,39009
 26,26345
 78,130646
 4,179254
 29,205582
 50,310772
 7,179284
 46,232038
 29,192267
 75,67210
 21,182600
 84,184934
 25,101155
 15,254848
 2,218542
 10,307
 84,111209
 44,48112
 66,72316
 94,192971
 26,104198
 76,277877
 45,176359
 64,183340
 53,220731
 7,119248
 25,117323
 34,55521
 93,19902
 98,38278
 93,274367
 37,151658
 95,117469
 25,155119
 45,308416
 67,153524
 4,28848
 11,40362
 75,286667
 67,208647
 15,199582
 76,29944
 18,35276
 12,173951
 52,305547
 62,92377
 7,71653
 31,169233
 63,319398
 44,262970
 80,19175
 71,38238
 17,164410
 26,83151
 24,213706
 94,142538
 32,297698
 28,99292
 45,117440
 39,80729
 71,281473
 2,242558
 9,250239
 75,125468
 24,162534
 7,208712
 61,159058
 65,102339
 86,186068
 9,158105
 35,45845
 24,80355
 78,53246
 17,275584
 30,87186
 27,111182
 55,56753
 59,264043
 36,179105
 86,225640
 42,66305
 76,229756
 94,314515
 79,83290
 92,89578
 81,270890
 27,77242
 83,179453
 87,99359
 37,120734
 32,319130
 44,309175
 96,293279
 84,155212
 6,164936
 58,271987
 68,30669
 68,12522
 100,291572
 42,37653
 51,96813
 85,249183
 24,277284
 50,63398
 48,69705
 36,65337
 44,41990
 32,132696
 24,212896
 97,55158
 44,318533
 16,123189
 39,156549
 81,228275
 49,28897
 40,169381
 93,246682
 34,30165
 56,4111
 55,46158
 59,48589
 15,95831
 16,192057
 39,17545
 15,237630
 71,264549
 69,256368
 12,174948
 57,196179
 80,29798
 56,216807
 34,193980
 45,217199
 95,123842
 88,54481
 26,120856
 62,81139
 39,315307
 10,25279
 67,110666
 98,107104
 7,286141
 74,29630
 50,152565
 80,229341
 16,184782
 55,224261
 100,110424
 32,283917
 62,255825
 61,31429
 67,1489
 31,130060
 1,56700
 65,226650
 25,162967
 7,9494
 82,85993
 8,284356
 90,279318
 58,295819
 86,94930
 51,27863
 15,142723
 76,221001
 29,222845
 28,247188
 18,178844
 44,98495
 47,139389
 5,4224
 34,207043
 7,183024
 61,182528
 90,139957
 6,230218
 7,71355
 67,268153
 52,118470
 41,123315
 15,318699
 70,47048
 52,117684
 58,165792
 85,58092
 45,285274
 38,190777
 21,87131
 4,49662
 40,295123
 72,199372
 36,23671
 50,257537
 53,232083
 64,152605
 34,138890
 45,276248
 22,213972
 7,318580
 15,184682
 8,281637
 9,29344
 20,124287
 67,66464
 99,191008
 17,174760
 64,301033
 82,224019
 27,107102
 94,195607
 68,119291
 46,192692
 21,248503
 1,132175
 7,26054
 12,12711
 62,169874
 3,93053
 48,128779
 83,28123
 37,255335
 74,757
 49,120110
 36,241336
 6,36223
 5,266516
 50,209241
 73,245925
 100,187809
 19,315357
 97,101227
 13,204919
 62,152197
 67,201069
 85,205329
 98,149987
 85,301832
 49,144700
 4,6884
 22,318728
 25,221777
 26,47594
 65,121458
 8,112755
 21,207988
 5,165520
 4,124134
 73,125137
 99,45315
 26,60457
 26,33858
 69,192079
 62,287540
 88,225161
 6,255590
 12,53563
 6,207499
 97,27006
 87,318027
 97,124774
 14,198317
 15,58367
 86,34747
 19,93385
 2,111123
 99,312141
 28,51993
 5,255565
 28,231084
 53,60625
 98,204709
 15,14850
 60,270349
 82,194334
 20,72544
 31,175716
 93,87616
 19,164491
 3,99916
 94,191496
 70,71291
 16,259136
 73,32155
 93,90915
 21,165185
 11,25948
 77,98561
 94,314033
 66,313204
 58,233267
 62,169679
 10,238332
 9,159000
 81,59771
 64,49094
 52,318726
 96,76370
 38,25471
 60,167679
 51,223345
 25,306403
 69,135022
 90,182111
 81,298691
 82,236563
 81,66391
 38,302167
 57,22047
 41,27687
 24,131270
 97,130591
 5,41532
 39,33401
 58,149374
 12,147619
 53,244694
 46,218723
 47,241096
 68,151524
 59,77493
 91,196096
 9,157887
 31,110684
 47,313789
 79,95525
 83,66379
 81,265514
 74,115813
 12,10434
 83,41221
 100,25372
 27,38014
 85,244691
 100,233229
 17,193167
 6,291870
 77,102151
 31,179758
 36,63285
 72,134041
 98,294491
 30,72196
 72,202820
 68,92001
 99,33478
 97,151360
 99,67193
 75,228540
 58,195207
 6,277351
 41,254978
 55,51340
 41,185521
 4,45765
 67,67001
 77,298885
 83,268218
 22,8403
 47,39589
 41,14390
 93,250473
 18,88778
 13,259981
 81,297329
 88,244172
 8,35072
 53,210836
 78,104032
 56,134753
 100,181079
 14,224427
 12,38016
 16,306235
 23,210028
 90,206478
 3,61528
 5,116769
 7,126639
 49,215883
 5,99151
 5,234997
 39,66293
 1,77552
 11,101583
 71,150052
 39,9600
 33,135153
 98,301838
 100,311522
 97,234773
 59,78478
 22,300495
 61,312675
 32,128688
 27,157751
 15,36029
 44,23895
 38,263932
 62,89218
 39,38104
 29,134782
 74,121046
 28,226595
 35,304051
 35,297032
 13,164346
 35,50157
 62,130533
 86,121349
 57,28336
 93,279141
 76,212568
 46,86939
 8,315309
 81,251238
 56,221053
 100,131211
 68,142341
 3,212129
 48,122287
 5,181041
 4,313137
 95,40771
 41,319203
 68,232992
 10,51152
 26,307318
 26,13001
 35,313889
 54,49910
 93,71229
 59,115806
 75,287514
 8,285054
 67,249559
 48,296388
 43,49712
 29,83859
 71,95968
 25,12708
 17,130174
 87,304966
 54,124193
 42,20384
 72,28945
 56,168802
 56,271129
 62,196801
 88,163968
 70,292636
 75,17618
 46,76274
 28,84128
 78,226376
 34,59934
 87,165080
 39,209568
 62,93137
 45,118383
 25,205309
 45,265140
 91,313321
 55,239099
 34,41116
 86,250113
 48,153495
 8,257193
 29,35267
 11,278468
 13,108361
 100,207059
 50,142504
 91,142098
 61,309799
 50,106690
 57,310696
 1,258015
 65,265326
 12,42583
 75,156028
 39,307304
 76,223441
 24,210727
 65,205206
 76,235261
 65,115680
 50,222050
 73,63151
 54,192937
 56,76643
 49,222685
 97,145458
 92,141932
 73,307475
 30,283749
 6,189026
 28,115772
 68,56427
 59,17264
 10,305619
 44,52405
 80,299180
 86,267356
 49,295088
 43,253171
 33,199288
 67,174143
 49,205280
 22,797
 39,129500
 48,122977
 24,319658
 29,230664
 11,56419
 72,181887
 45,116822
 77,319342
 96,151598
 59,46470
 96,241947
 69,157402
 43,193570
 3,246835
 70,88494
 34,306718
 69,287487
 79,187953
 23,108485
 28,43159
 2,103199
 25,190953
 18,83270
 80,227001
 76,120686
 61,234514
 65,272589
 67,191791
 16,13725
 66,271869
 72,64978
 88,251351
 23,68555
 35,145848
 21,2187
 100,235298
 1,115956
 28,114979
 9,83998
 41,166277
 25,46002
 76,293095
 83,76373
 6,66436
 64,247009
 76,259319
 57,111179
 38,171461
 67,159467
 92,283306
 29,108651
 42,19007
 40,33840
 82,200695
 61,294629
 99,146718
 48,213957
 70,76724
 8,115399
 28,166487
 77,25977
 72,308348
 29,93719
 77,44201
 73,162092
 82,37418
 14,17154
 70,226290
 88,155532
 16,222986
 97,176596
 44,157556
 53,155579
 20,198175
 19,194390
 18,73904
 48,54963
 26,48711
 58,82428
 3,110325
 54,18317
 43,255615
 35,47364
 35,58331
 33,155355
 97,276511
 63,184302
 5,112088
 5,88085
 39,271064
 26,288983
 62,228781
 82,214815
 32,317891
 44,302528
 21,85582
 25,243552
 14,160039
 24,97920
 83,64793
 78,32507
 8,88472
 93,299586
 72,29451
 41,41543
 30,91683
 90,76008
 100,165557
 50,75509
 1,272409
 46,140303
 29,199070
 56,210570
 90,317783
 67,83633
 1,220173
 13,98760
 73,23584
 41,218102
 95,271487
 83,79023
 24,228214
 11,53311
 97,258811
 42,13
 92,66774
 71,49312
 41,54996
 88,212740
 33,94340
 78,307674
 84,52544
 28,91524
 53,103250
 95,208286
 66,174450
 76,97142
 86,131979
 55,85819
 18,292732
 29,35885
 72,52745
 64,148523
 46,17187
 11,227904
 49,230073
 33,138511
 53,125387
 41,176660
 22,156000
 22,291149
 100,221177
 66,41766
 36,143287
 45,185642
 100,232199
 89,110939
 78,109110
 54,309010
 42,70477
 39,300675
 32,310167
 11,141757
 100,203593
 85,23433
 34,40645
 17,139527
 29,121853
 87,11379
 5,274270
 57,67145
 52,127571
 96,297045
 93,102427
 8,308715
 96,152014
 93,279047
 16,113475
 80,46
 10,62106
 45,9779
 49,289640
 39,141658
 75,90708
 61,45844
 87,73587
 37,76625
 57,313572
 73,65769
 25,144675
 18,249843
 8,245971
 9,127682
 7,61597
 55,182435
 85,34912
 68,234509
 34,241472
 49,189704
 10,293912
 49,209809
 19,222376
 73,217955
 73,77316
 84,5670
 77,250981
 72,61712
 80,54099
 26,3862
 81,290109
 29,173577
 53,299693
 63,222040
 37,190516
 43,282824
 44,103532
 70,204109
 94,248031
 62,28531
 63,141761
 32,212186
 20,97801
 13,19613
 13,155238
 90,10862
 7,162044
 50,7528
 4,141900
 1,274733
 6,296191
 84,198723
 65,69398
 5,289519
 30,143826
 3,312572
 95,315854
 26,35307
 48,151816
 92,187879
 57,244459
 21,294569
 75,200492
 69,261599
 54,237531
 33,222101
 58,308222
 68,277055
 2,268607
 67,134270
 87,75219
 14,514
 45,195381
 93,16031
 16,268851
 62,15195
 66,89066
 61,265319
 100,66087
 42,303077
 74,271091
 96,113769
 60,146513
 14,19315
 94,90231
 99,287990
 61,246437
 61,259441
 59,36635
 54,221072
 85,80836
 84,148555
 40,117922
 15,313956
 32,278265
 71,123280
 90,32317
 38,63851
 97,235735
 96,92067
 49,80629
 60,88280
 91,236088
 44,89708
 17,42484
 8,292204
 100,206279
 7,128675
 31,68713
 31,92956
 37,212580
 54,225118
 17,289911
 63,192455
 80,23965
 100,296933
 80,124389
 74,241057
 18,67392
 79,19476
 58,16849
 12,217526
 30,181015
 60,180099
 69,24059
 64,48406
 69,194675
 84,195402
 48,196708
 98,45678
 66,228913
 78,64444
 97,135551
 76,201549
 15,33058
 31,308467
 52,131553
 3,124181
 29,2553
 87,100066
 5,119904
 99,105858
 53,251421
 8,214860
 24,84370
 43,52545
 35,115074
 55,73546
 69,162064
 46,42410
 77,76093
 15,195963
 84,92846
 35,57360
 14,305898
 9,38309
 64,74284
 82,69058
 22,135863
 79,173162
 11,173977
 72,290945
 89,315032
 39,145892
 3,111411
 98,266667
 8,316450
 96,243659
 37,236187
 84,309683
 98,302823
 39,33814
 87,84217
 46,29707
 75,257385
 45,35566
 80,153543
 91,35513
 67,125491
 1,269964
 40,273797
 84,67524
 56,285047
 90,217880
 42,176581
 64,6418
 13,238434
 70,165984
 19,245405
 65,175605
 61,184701
 27,92690
 38,304987
 86,196746
 94,95754
 42,205112
 23,66664
 38,261299
 25,123496
 29,156888
 9,149265
 73,209415
 92,26187
 95,107276
 19,318569
 85,309225
 31,58433
 70,166012
 7,35765
 17,47046
 63,83613
 99,145011
 55,169115
 21,70189
 89,13195
 33,302433
 72,97480
 47,185919
 95,40359
 80,269837
 23,247465
 27,218483
 11,41324
 62,162232
 53,277012
 30,202521
 23,48621
 26,276043
 38,13144
 71,67149
 100,93157
 47,166552
 9,1487
 100,207273
 23,211222
 96,260098
 29,249128
 62,71073
 13,173181
 60,29266
 33,122465
 97,31975
 79,208680
 84,65808
 21,210512
 49,15599
 62,61172
 4,284134
 30,285981
 75,83137
 19,194510
 50,16666
 33,91818
 64,33862
 13,89745
 56,140892
 60,272273
 13,106137
 9,65334
 18,169895
 61,303468
 54,374
 82,111086
 56,217177
 46,13788
 11,89425
 98,162464
 10,222730
 14,173575
 86,250028
 23,285069
 53,22417
 4,2285
 36,265256
 73,304032
 24,240787
 11,112562
 68,26582
 53,23971
 9,278827
 85,269458
 72,80105
 74,133764
 74,146974
 18,302487
 48,165383
 69,240260
 88,189127
 28,142046
 10,18059
 97,263275
 66,32069
 44,19796
 10,185438
 58,270615
 49,16559
 50,79078
 57,307740
 1,313893
 96,96435
 66,112492
 45,112091
 21,315219
 67,75963
 36,257619
 5,225978
 87,243492
 60,155497
 88,6313
 82,302366
 13,241295
 69,201263
 2,153033
 5,258488
 14,56652
 71,47355
 66,283724
 18,157597
 51,164527
 78,47165
 40,14426
 62,249481
 14,137689
 19,147567
 10,274258
 96,284010
 32,160090
 69,121170
 12,41067
 73,4626
 76,145784
 83,177338
 100,81957
 21,12004
 7,195946
 90,95611
 40,78870
 44,192825
 17,286709
 55,117650
 41,179564
 96,296033
 99,186338
 61,103191
 13,180145
 95,90627
 8,34191
 78,41491
 2,34775
 69,102268
 51,146383
 70,223624
 15,221005
 5,183200
 95,240991
 26,129265
 90,318250
 9,224719
 4,84914
 9,213603
 71,16200
 69,60981
 100,218187
 73,208248
 19,90844
 62,259752
 3,228913
 67,22619
 60,35532
 67,95094
 35,24834
 23,56516
 31,84297
 76,21756
 45,58828
 59,12098
 17,211377
 18,174093
 61,191246
 25,81011
 49,305043
 35,293567
 52,129690
 56,2260
 81,157458
 4,55492
 67,22944
 5,65819
 71,189357
 38,100779
 99,42689
 17,77967
 42,176525
 9,209240
 35,190738
 81,229436
 96,168982
 78,61663
 49,124862
 41,246593
 55,298601
 87,217737
 88,141441
 8,177702
 62,101056
 91,285583
 48,184164
 90,216092
 22,254568
 12,197862
 2,218045
 73,219372
 80,121468
 97,56144
 26,230601
 91,73309
 42,155975
 59,158889
 17,164660
 89,230740
 74,253970
 92,217017
 3,94889
 85,179256
 18,132464
 96,83890
 16,164910
 78,71532
 47,109135
 13,12738
 39,206640
 36,89463
 92,214031
 55,266331
 48,165207
 29,99461
 82,171490
 82,152456
 16,222732
 2,309468
 53,103745
 60,216502
 46,164247
 99,308403
 46,261534
 74,11123
 64,161344
 59,243990
 95,2956
 64,70915
 21,317129
 18,69547
 48,37243
 92,203448
 21,173200
 97,109806
 29,146966
 100,266126
 27,234671
 13,182159
 80,233148
 8,16990
 30,243996
 72,278193
 9,104647
 70,318785
 94,290244
 45,224490
 71,232219
 92,309813
 61,34317
 2,241382
 27,195768
 96,198412
 92,206622
 93,123245
 32,78839
 73,161086
 54,22999
 46,80994
 99,115264
 36,312401
 62,318
 10,228393
 18,70408
 99,116689
 20,239459
 32,165601
 91,185120
 22,86770
 99,43438
 94,27007
 12,205184
 71,265806
 15,194843
 33,106315
 6,101538
 24,84932
 95,145077
 32,179017
 11,130915
 74,183480
 86,55430
 65,53295
 13,239885
 54,188743
 63,107180
 61,19501
 12,78553
 27,247870
 19,25839
 66,240850
 78,169226
 10,122408
 12,218826
 38,61983
 72,255570
 66,13036
 98,96106
 93,169195
 22,256036
 48,76105
 94,293218
 69,151111
 8,153256
 25,278946
 34,116937
 40,189711
 24,48102
 41,17349
 94,219067
 89,126193
 42,234912
 74,99733
 6,84175
 82,165869
 62,271959
 91,205028
 40,171166
 58,264922
 82,154526
 8,79205
 60,242935
 30,279791
 39,105584
 77,101916
 76,124716
 56,259308
 53,73314
 88,124969
 13,26825
 32,141588
 16,135400
 7,316643
 79,282920
 3,316851
 83,110179
 19,7936
 34,696
 39,72173
 17,166013
 89,104788
 95,162627
 31,187500
 22,294492
 7,181423
 1,145051
 28,308271
 56,294360
 66,4261
 38,166707
 84,305003
 65,7465
 4,122461
 79,170122
 36,15556
 26,216053
 86,141785
 45,264524
 77,253725
 12,233390
 15,267539
 11,167920
 51,36060
 90,14627
 86,109061
 2,254345
 76,203416
 52,149084
 11,260209
 68,158564
 64,166382
 38,296395
 42,296270
 87,238377
 87,292196
 20,181624
 40,134827
 30,113441
 61,63418
 28,28227
 85,24630
 86,276052
 83,226551
 94,286137
 4,130684
 24,313493
 23,46171
 56,2609
 38,163075
 25,216322
 23,105389
 34,269424
 99,12018
 77,14476
 66,122758
 45,280991
 25,304358
 68,224312
 48,188977
 32,69403
 91,171108
 14,59382
 86,203420
 52,315006
 21,34146
 100,90658
 63,45935
 15,77847
 49,227127
 52,210773
 17,58292
 41,122898
 74,85605
 21,164010
 86,259257
 91,120783
 36,237000
 56,151741
 95,242596
 34,119692
 17,318843
 19,108075
 64,163985
 95,29716
 44,145244
 43,251770
 31,16700
 96,94946
 58,257858
 2,34132
 10,176555
 58,189429
 8,103880
 50,98051
 4,113221
 57,176735
 92,300247
 12,69141
 31,152266
 68,196299
 84,53016
 65,272955
 11,238592
 76,285677
 47,196471
 16,2791
 15,99116
 87,75422
 43,89368
 17,60857
 96,296340
 98,132237
 47,319837
 70,95685
 56,289137
 15,114175
 71,23383
 85,3140
 16,81491
 19,38574
 18,221643
 68,113709
 36,111693
 15,257993
 39,156987
 88,148036
 17,107293
 8,175044
 57,250683
 60,179880
 2,49996
 7,308483
 98,257437
 100,88394
 46,153147
 17,304170
 73,251829
 99,239396
 70,56641
 52,195217
 60,21362
 83,7193
 35,290031
 31,209984
 87,240242
 84,78070
 76,264641
 72,256668
 35,14558
 32,73499
 40,199487
 71,313973
 92,303576
 44,194825
 85,300174
 15,142911
 9,97620
 33,185700
 95,69031
 97,75482
 41,22699
 70,86202
 41,281416
 2,111107
 26,92570
 90,319132
 7,18748
 44,123638
 6,71958
 13,303447
 71,270045
 99,222439
 27,223117
 71,164479
 81,71558
 80,52882
 50,24317
 63,318961
 53,3297
 1,148628
 62,314013
 23,212150
 28,14800
 24,157523
 9,125642
 44,30860
 19,82580
 59,27630
 98,289571
 31,262873
 45,6457
 43,210078
 14,185883
 71,153576
 16,33385
 15,287632
 12,187581
 79,75838
 4,114745
 52,57817
 2,13521
 29,25236
 62,183764
 39,128252
 26,126589
 31,122907
 45,236571
 20,40242
 42,13591
 5,217152
 83,40159
 26,129713
 32,228609
 17,74885
 36,185876
 32,88987
 53,145901
 25,254491
 67,276622
 14,7942
 27,115129
 64,248313
 72,236899
 69,245453
 23,290572
 88,125820
 70,233889
 60,40334
 7,10685
 14,216233
 83,26746
 17,192887
 68,7442
 93,276429
 66,134155
 15,25944
 41,128618
 15,73276
 5,81193
 94,279838
 46,70177
 34,109307
 47,37479
 82,254576
 3,136770
 33,141707
 81,149098
 21,263877
 60,40811
 5,78883
 48,89393
 9,311968
 80,290904
 49,65303
 73,111802
 16,224397
 12,204271
 80,223245
 68,60405
 43,49863
 33,170312
 89,191363
 83,141001
 80,214446
 47,158526
 8,145188
 80,129976
 6,64261
 83,231593
 84,216290
 3,159694
 51,307592
 48,120334
 69,315337
 53,258581
 94,257577
 71,126913
 89,69078
 78,167727
 35,115973
 82,307965
 23,181104
 32,103384
 86,152706
 40,39685
 39,105802
 38,96666
 40,300907
 19,314779
 37,8939
 62,252263
 54,121598
 47,167044
 12,69279
 34,314887
 31,70716
 7,307198
 27,177035
 6,271098
 39,71653
 47,40169
 21,110883
 34,204518
 33,269111
 99,75646
 22,70187
 74,147251
 48,182373
 12,171359
 46,143117
 3,204168
 49,52783
 43,169329
 35,145825
 42,303660
 8,284168
 73,264269
 63,298034
 91,5458
 16,68532
 62,212083
 95,79618
 8,132960
 99,134111
 26,53045
 56,109195
 52,22443
 13,102260
 53,138155
 57,130229
 75,74980
 64,94848
 83,150449
 57,212109
 80,2405
 100,90534
 93,68937
 16,243194
 3,160497
 90,152409
 30,228401
 64,174093
 14,210582
 51,232251
 65,9019
 56,86659
 53,25288
 27,229520
 35,202500
 75,218501
 70,312098
 62,123214
 99,234077
 40,39512
 9,221823
 52,63274
 50,162744
 3,8421
 86,111056
 16,75157
 73,272243
 91,67
 16,299802
 76,219387
 50,33032
 97,246296
 97,310629
 59,145427
 25,180217
 12,97728
 87,288830
 68,264578
 54,150930
 56,55579
 5,30165
 77,309161
 100,32862
 20,15245
 89,104288
 65,71296
 88,254385
 15,221535
 57,169570
 13,41858
 67,183083
 74,141495
 21,216163
 53,42131
 60,10735
 74,230212
 85,272125
 27,120609
 73,37404
 74,119372
 41,111458
 45,106451
 29,101842
 37,280353
 40,135898
 8,303250
 15,235996
 86,126970
 57,238240
 36,224467
 82,261261
 96,318855
 16,229986
 11,59515
 34,28601
 85,59063
 31,135593
 81,64488
 44,114113
 19,262204
 93,285757
 85,217529
 45,206828
 32,19392
 2,152466
 84,48981
 26,30305
 19,60444
 44,101704
 48,152210
 99,195332
 1,131518
 66,205855
 13,57147
 68,182024
 3,194790
 62,103716
 32,160302
 1,223995
 78,257949
 38,228841
 69,828
 92,33541
 83,252456
 78,267660
 90,202392
 40,265338
 98,1078
 94,114012
 84,294251
 64,238140
 56,124361
 80,126662
 24,62410
 57,265382
 6,114312
 46,7395
 51,54605
 51,31215
 24,67777
 11,206501
 60,71090
 93,75353
 49,289361
 78,300407
 81,190945
 33,62534
 27,152494
 5,175576
 28,305450
 40,294903
 17,180782
 21,124358
 56,219393
 23,68652
 94,213659
 8,306144
 23,154877
 56,87453
 40,37452
 79,175976
 39,264527
 61,73128
 90,298885
 100,141140
 56,243732
 96,8341
 96,167112
 16,305188
 92,2596
 60,57526
 21,203233
 97,274522
 78,211012
 11,180184
 45,82027
 36,7278
 84,258322
 44,191850
 21,48193
 37,207492
 64,93677
 84,288228
 31,37839
 70,10033
 34,200430
 7,125436
 12,318791
 33,102671
 47,23378
 100,265221
 39,228840
 59,178255
 20,32034
 53,258371
 36,75595
 63,133366
 76,10466
 37,142284
 85,5614
 42,108009
 82,106655
 10,264431
 27,195761
 36,255328
 93,238809
 20,113543
 74,274846
 37,146657
 13,76428
 65,186974
 45,303198
 99,19310
 95,269509
 4,126227
 8,203074
 10,195098
 87,290302
 45,207022
 15,259256
 6,291462
 91,163343
 39,300183
 84,157741
 65,75211
 31,206420
 73,871
 93,197558
 43,50761
 75,131094
 17,63716
 65,252789
 94,103663
 62,129897
 38,237231
 16,312424
 39,237309
 72,276091
 61,223531
 57,278158
 7,283122
 1,155759
 74,7810
 9,284404
 49,140671
 85,42661
 35,215520
 16,103003
 42,116054
 42,136475
 62,148512
 1,284339
 23,246725
 71,113563
 34,52087
 67,218376
 14,271785
 25,302800
 86,203639
 77,182221
 66,310833
 78,207105
 51,165117
 14,206790
 79,80575
 6,196810
 32,210381
 90,311049
 36,286837
 86,112490
 59,213336
 58,296040
 94,131793
 4,47253
 26,252948
 100,316106
 27,224414
 8,190269
 21,306761
 44,1272
 38,152620
 45,149823
 96,61792
 4,212979
 22,32892
 92,238531
 53,74307
 30,279808
 23,313226
 32,279005
 52,132439
 34,198202
 41,45618
 16,39596
 56,301013
 15,149371
 90,232149
 39,109439
 95,248958
 76,254803
 92,252495
 92,227955
 77,304034
 60,55856
 64,273236
 17,32221
 34,152394
 74,135644
 16,177218
 1,38295
 88,7561
 72,236907
 65,66097
 46,118838
 74,226634
 18,206381
 58,223753
 86,262429
 58,225139
 2,8362
 2,312841
 48,42462
 8,277985
 74,21489
 77,73100
 32,102416
 91,157132
 70,198446
 85,90168
 78,211251
 71,121712
 66,299100
 43,125945
 59,139954
 48,110544
 74,269004
 90,230578
 42,242415
 11,102800
 78,67327
 24,124587
 50,278445
 44,292173
 83,295532
 7,186946
 88,238594
 98,33785
 68,75247
 41,141924
 23,299307
 3,162903
 54,158076
 43,47230
 73,191020
 31,43904
 60,53681
 57,42659
 26,162000
 76,17125
 34,24157
 58,47821
 11,243563
 77,124239
 50,265685
 13,262725
 47,19907
 22,228773
 22,231060
 55,115060
 71,21661
 97,75905
 64,66604
 46,42126
 88,85156
 52,198664
 49,75977
 60,246549
 67,111560
 19,215663
 42,180410
 44,315650
 30,188291
 19,200139
 79,164990
 68,81941
 9,84326
 23,226708
 86,79283
 3,215628
 38,221619
 36,205704
 57,238433
 33,118868
 58,59464
 15,50235
 85,259558
 54,284495
 74,191364
 88,1796
 76,153631
 70,107513
 23,3303
 81,84752
 63,170037
 89,152970
 76,230885
 54,119666
 13,120609
 93,44603
 31,243072
 28,130360
 93,294155
 97,86399
 41,289311
 2,55843
 90,106205
 59,78843
 74,10208
 6,172524
 91,126081
 49,66253
 11,310505
 41,120438
 7,11354
 52,87537
 8,244396
 4,239784
 57,38993
 99,292616
 9,83515
 49,315935
 59,57223
 19,206187
 64,103957
 63,98800
 23,179924
 67,172893
 87,81246
 1,162436
 68,149217
 98,68701
 82,220915
 54,231438
 47,271241
 12,275531
 70,197809
 75,166963
 55,103295
 34,100132
 91,313114
 23,28473
 11,176779
 43,274692
 49,133498
 57,223888
 22,167133
 67,58481
 90,87485
 31,88051
 24,177437
 38,243047
 16,193327
 8,3376
 20,50886
 95,169340
 46,296816
 78,6184
 12,316852
 5,119825
 80,272117
 34,188818
 85,96024
 74,24948
 63,148079
 18,110794
 14,105933
 31,72804
 81,115554
 89,189630
 76,203390
 29,56486
 10,46725
 66,49900
 38,263796
 23,30729
 99,101421
 77,98346
 26,38509
 73,138693
 49,183386
 20,129790
 82,204543
 22,194008
 77,78114
 97,134737
 53,223936
 18,159412
 69,303454
 11,135018
 51,93526
 74,109403
 27,188806
 49,34434
 6,254234
 60,42448
 99,54616
 96,149595
 8,90807
 4,216968
 85,20073
 96,211533
 26,45717
 2,278233
 30,27205
 14,163068
 89,314817
 92,95114
 52,245371
 38,3150
 4,206635
 94,96638
 15,104228
 18,62464
 49,31921
 70,285494
 61,159088
 49,261609
 93,201829
 76,123190
 80,68626
 50,99089
 8,281289
 56,311067
 15,25128
 25,315023
 19,17986
 73,130859
 80,311770
 59,155760
 4,75490
 56,301779
 49,308640
 25,297447
 14,114091
 30,199508
 3,41666
 98,163612
 78,266014
 88,221210
 81,123085
 16,161198
 1,85428
 42,279791
 67,281051
 33,91848
 38,13635
 45,98184
 27,238279
 33,17113
 62,177382
 54,253974
 77,157523
 36,165397
 31,271805
 73,242037
 6,228155
 6,319794
 92,249249
 2,99899
 94,192791
 32,77125
 91,203645
 98,296149
 53,101764
 40,137459
 64,266629
 59,143807
 99,87853
 43,315124
 44,284314
 99,229103
 36,57283
 27,305277
 42,170126
 26,4018
 51,205777
 93,132165
 85,14508
 13,160250
 7,175509
 65,117929
 46,176695
 93,158226
 77,242645
 66,112991
 66,120938
 50,1832
 10,63658
 43,137605
 48,173596
 48,50804
 27,135143
 86,247092
 10,145363
 28,104454
 11,132548
 76,97585
 98,291435
 39,218485
 2,203069
 82,258444
 64,299061
 59,167410
 97,182684
 96,48403
 85,82595
 59,298920
 23,66378
 71,274479
 36,296420
 77,114081
 60,262029
 90,135935
 62,231249
 44,87392
 80,32394
 91,287124
 36,239512
 64,93020
 98,57947
 16,244587
 42,151973
 32,100212
 27,299897
 47,138368
 33,136839
 41,32493
 2,228517
 89,221230
 95,44177
 85,293117
 88,99001
 3,266036
 18,319861
 51,194871
 24,65986
 69,253770
 9,305544
 81,56017
 60,244527
 18,54830
 86,277723
 85,266309
 6,97074
 67,106440
 74,68784
 86,65986
 11,3549
 20,8946
 80,248565
 15,233288
 98,189581
 12,37190
 44,211450
 8,272479
 88,181088
 86,126564
 99,48043
 54,99760
 4,219719
 38,269246
 72,210467
 53,49412
 94,319297
 1,318623
 26,127109
 70,268516
 25,247268
 18,72052
 52,134691
 14,3308
 11,241775
 17,280270
 28,190344
 40,79351
 32,182349
 92,67702
 65,174481
 20,230724
 51,218264
 44,18987
 60,231473
 13,298770
 10,206808
 1,303702
 60,24177
 35,38485
 62,4080
 61,228343
 72,83658
 36,170292
 87,285011
 88,178647
 84,258316
 48,78904
 23,80474
 96,177154
 95,273461
 18,44840
 53,50838
 45,297110
 95,289748
 62,255502
 55,30762
 41,312108
 12,197647
 71,195073
 19,107084
 58,191608
 21,214798
 90,261983
 67,257290
 67,112033
 36,2353
 32,220540
 31,141510
 84,280353
 53,310741
 79,195281
 97,178144
 7,9322
 37,41019
 53,80296
 2,133472
 72,174510
 15,240549
 79,91934
 54,264569
 31,163725
 37,155349
 21,44864
 67,73153
 43,144965
 32,60566
 50,52141
 4,179304
 68,204430
 65,137893
 36,188599
 14,77051
 1,77749
 17,95944
 42,41183
 54,226292
 21,305741
 17,181087
 31,5190
 86,89982
 26,66379
 85,308059
 69,229141
 42,165075
 70,261969
 5,30745
 81,105148
 54,77034
 66,153756
 41,222838
 85,209462
 54,77995
 76,174059
 71,259940
 93,49617
 33,225918
 73,208176
 91,192460
 93,207430
 61,189757
 92,270414
 34,125709
 47,224974
 3,224390
 76,247847
 96,21520
 90,167948
 92,264494
 87,102627
 31,79273
 81,28150
 75,66122
 60,38552
 13,140494
 87,316151
 83,91009
 8,85757
 47,297510
 52,214349
 42,42028
 76,104531
 17,229189
 80,48813
 99,26606
 71,48599
 84,72356
 71,155273
 46,93608
 68,44737
 38,175026
 5,287157
 59,288705
 83,144243
 37,234970
 84,268736
 20,31885
 42,262083
 75,73147
 57,285076
 64,134020
 34,159560
 11,90345
 4,302597
 65,297089
 50,178017
 40,161491
 36,137523
 30,219158
 22,48835
 10,74947
 92,164197
 71,27757
 81,21203
 53,10261
 11,276627
 42,283472
 22,173809
 6,36399
 8,63287
 53,314530
 38,163859
 83,101277
 6,165476
 52,284798
 33,13496
 85,234453
 34,318526
 83,277313
 94,244099
 31,27408
 90,216351
 54,290447
 82,194519
 2,155708
 65,106030
 39,32830
 27,196204
 52,213893
 36,266393
 96,192393
 72,206053
 6,128773
 6,201143
 75,228568
 8,90527
 23,163723
 46,292887
 64,4151
 73,299605
 94,149878
 12,60514
 5,126684
 78,251690
 58,263914
 54,5831
 98,161571
 41,77594
 42,116751
 41,29482
 99,133896
 15,262399
 34,279977
 89,189071
 79,7756
 15,238992
 94,7154
 61,300157
 61,254302
 76,169320
 79,271674
 11,171041
 30,128608
 55,222225
 43,202279
 85,230640
 10,224525
 15,174190
 4,316478
 41,132915
 8,181348
 31,99586
 5,253727
 23,185972
 58,245564
 35,131917
 27,48818
 55,175300
 70,260891
 85,220431
 59,31073
 75,288344
 85,56501
 71,298708
 60,196330
 19,142653
 65,239450
 28,200308
 100,248476
 7,248755
 91,254972
 26,92234
 7,290012
 73,228775
 56,120124
 64,217394
 86,85824
 18,197449
 76,54534
 14,209862
 63,95647
 83,257973
 78,202141
 76,233364
 63,151730
 82,317871
 53,202644
 97,39833
 69,269647
 68,123836
 22,125594
 93,176854
 7,35665
 95,261975
 35,293714
 54,244605
 93,176683
 14,68709
 36,27866
 39,113475
 46,177913
 92,131362
 10,14641
 44,106625
 50,246
 71,16221
 76,111100
 69,309099
 19,161281
 67,161743
 25,308175
 92,258177
 29,283543
 37,47903
 31,58400
 77,186994
 73,114295
 79,37772
 53,263802
 73,24649
 53,198384
 99,317655
 2,303437
 63,97401
 2,64439
 14,277410
 59,91273
 15,135362
 59,289051
 18,52293
 7,135631
 21,134199
 90,151008
 85,54956
 71,223021
 71,53415
 98,272201
 29,312215
 67,309990
 32,240553
 98,52772
 4,153860
 49,49829
 87,266685
 100,214825
 40,74236
 14,220856
 82,7505
 68,226133
 78,88341
 4,201938
 94,45608
 54,165063
 66,265735
 5,294944
 67,109942
 62,157874
 91,263802
 8,21710
 26,32122
 16,193103
 25,312598
 33,88660
 8,53331
 88,262802
 74,162025
 38,53789
 98,206168
 49,192982
 15,311309
 76,197244
 20,162830
 77,231920
 44,272799
 100,99196
 87,238984
 36,169502
 42,131301
 79,310524
 84,160989
 82,179772
 10,21609
 30,289074
 80,202807
 87,76749
 96,69235
 35,90135
 64,186364
 53,88997
 69,229875
 83,246257
 78,305731
 78,254431
 83,92646
 52,25360
 59,237785
 2,259003
 57,126793
 30,145835
 93,19311
 18,52026
 24,304676
 60,244222
 46,176133
 12,237131
 7,113586
 18,195896
 67,256853
 40,15610
 8,299074
 74,123611
 57,204155
 30,105939
 15,33510
 29,172106
 34,6180
 90,39093
 83,162895
 27,292496
 66,100686
 14,146399
 33,200318
 55,61359
 77,179645
 33,35017
 84,115316
 17,294175
 84,272739
 69,309575
 89,189043
 48,40599
 73,99650
 82,243461
 78,68718
 61,93545
 94,56417
 95,180906
 3,141468
 98,147097
 44,34840
 24,261380
 51,306630
 71,88179
 66,281389
 31,35931
 96,302534
 94,280273
 79,77039
 91,305817
 81,137854
 24,142835
 96,122383
 80,83271
 92,206584
 10,101084
 71,199199
 75,266356
 38,17316
 1,19490
 7,200383
 90,203761
 48,214768
 56,176354
 49,9165
 42,159496
 45,161504
 54,250434
 2,130946
 61,94759
 87,121416
 86,212925
 70,119027
 56,44923
 30,259840
 68,51770
 15,104855
 94,212905
 77,103482
 96,78947
 13,165222
 97,201474
 2,319051
 77,294520
 52,254613
 79,75668
 34,318172
 32,193282
 27,246458
 81,95644
 27,145185
 88,134686
 12,102219
 39,218920
 79,33106
 47,109018
 55,253162
 76,140018
 8,111456
 53,24199
 46,136165
 19,212576
 33,278085
 14,209206
 59,48101
 91,166994
 38,148648
 85,39610
 88,291712
 59,37767
 97,263115
 84,30500
 16,161786
 87,160613
 47,246943
 98,152888
 26,93000
 13,218997
 40,225970
 14,219936
 37,145750
 49,162544
 43,19300
 14,217829
 69,262272
 15,266006
 64,84693
 49,310033
 87,77241
 65,293906
 63,262403
 37,56020
 54,280801
 52,35200
 34,105037
 83,192995
 89,218562
 95,20373
 35,26858
 4,264139
 9,273198
 39,85603
 2,284750
 26,184947
 33,138550
 76,218644
 82,99711
 40,217408
 2,116268
 82,46149
 80,35399
 79,295008
 9,246995
 16,265879
 84,89907
 66,53800
 4,186285
 7,187307
 24,300774
 76,190706
 73,85184
 12,238251
 85,115902
 37,209261
 9,210160
 81,83309
 18,272876
 94,276062
 24,205990
 2,42570
 35,228470
 75,77667
 46,17324
 29,154129
 68,225849
 81,259192
 48,265496
 25,118275
 59,235011
 63,241555
 13,123548
 36,38725
 18,36780
 31,172865
 72,153944
 7,283617
 91,308503
 12,123506
 42,123320
 45,263339
 20,105777
 99,186441
 32,233446
 65,2755
 30,179256
 31,165420
 45,292971
 7,278954
 51,21805
 83,305539
 71,214731
 73,298839
 46,311013
 47,278590
 38,50471
 46,141563
 62,255766
 81,248222
 42,314716
 71,29410
 46,309354
 62,50356
 50,7543
 92,31607
 21,37885
 51,112047
 74,256310
 17,19421
 88,95609
 74,126862
 19,141805
 26,163445
 7,209976
 41,313273
 60,130415
 36,24482
 95,102357
 75,102273
 47,170311
 11,304327
 59,309198
 78,135365
 89,259228
 1,200534
 53,276585
 73,280563
 68,130652
 51,112832
 51,176973
 82,121518
 52,254508
 90,279314
 45,270106
 45,22099
 12,290431
 32,71391
 4,43170
 68,251209
 33,289959
 10,106438
 53,41691
 62,224469
 22,96144
 42,77374
 8,280229
 57,280841
 73,237568
 88,116376
 72,194355
 48,251668
 73,213745
 42,131790
 53,83788
 77,42650
 49,299488
 9,44928
 60,155806
 20,298237
 41,15740
 1,170308
 56,194161
 34,4753
 1,160540
 58,201985
 79,54082
 1,49135
 62,78292
 14,180549
 68,101473
 69,44516
 86,276971
 89,63356
 35,186927
 95,169427
 76,280199
 63,11743
 100,181540
 56,254659
 73,234288
 42,248779
 52,275590
 62,151924
 71,262788
 37,5955
 90,55280
 85,166118
 57,189997
 10,141196
 94,189192
 2,258450
 48,255290
 20,279449
 89,102245
 82,235024
 13,203498
 37,85770
 32,129241
 91,204636
 5,218834
 45,208047
 42,190715
 39,31532
 83,48940
 7,261118
 63,265152
 40,267809
 67,18466
 38,217777
 25,249121
 38,123501
 79,83001
 44,7537
 1,29454
 58,156375
 25,179098
 54,151900
 20,106741
 30,203276
 35,10038
 60,273071
 33,95923
 21,267887
 26,158673
 16,8588
 5,77350
 59,43578
 36,155967
 62,127577
 7,140605
 8,92396
 43,51691
 25,201247
 5,276208
 76,101630
 97,36106
 65,278714
 60,201953
 32,184872
 12,220133
 12,144956
 28,317810
 85,147150
 97,70783
 30,107810
 1,262077
 37,241320
 34,245791
 71,165894
 77,120536
 80,211526
 50,308389
 37,183262
 76,151830
 7,216945
 83,94270
 3,157711
 60,319881
 65,80000
 95,225082
 99,172628
 48,305303
 95,314876
 30,255608
 62,68395
 62,216031
 66,276120
 100,227083
 67,254548
 66,235593
 10,152693
 51,144415
 62,148786
 37,10365
 33,71237
 33,267068
 85,180520
 67,120642
 7,299828
 37,212764
 23,82876
 69,42841
 48,75986
 66,9324
 27,295003
 64,302607
 83,163154
 19,25588
 52,254460
 92,229381
 97,179519
 38,13823
 19,150892
 46,292420
 72,304355
 41,157130
 84,268386
 89,249754
 54,212060
 55,148777
 43,49733
 84,98413
 68,140173
 49,133684
 64,247372
 36,213270
 32,187647
 71,215514
 55,214839
 40,280890
 82,187360
 46,145012
 67,48444
 18,284611
 78,304732
 84,100711
 6,45531
 49,74226
 81,148415
 73,163019
 45,203729
 13,272080
 40,140577
 27,279524
 88,31712
 41,109626
 74,256657
 82,76921
 23,166345
 3,168998
 78,233894
 48,84209
 80,21046
 91,315007
 21,88099
 36,53099
 99,216900
 17,225790
 69,153383
 24,129045
 55,188440
 100,77068
 90,277703
 29,115855
 32,49388
 77,180683
 72,293265
 17,51224
 46,166139
 56,23658
 1,217132
 45,152232
 92,259008
 8,245729
 14,221017
 8,70281
 68,129473
 86,198711
 67,140403
 9,73912
 56,199520
 4,284473
 6,10213
 99,309942
 61,216410
 59,34571
 85,162771
 89,22569
 43,175782
 63,85479
 77,47717
 61,222199
 62,129514
 53,159742
 6,197587
 94,77745
 50,144623
 35,311170
 44,91088
 48,115179
 95,70951
 2,175759
 36,274336
 53,68881
 14,103836
 53,191513
 42,144842
 100,265856
 78,46548
 91,77969
 32,238617
 98,54325
 44,5007
 4,227175
 72,307155
 61,214799
 74,88076
 96,253570
 100,128552
 69,25256
 2,159177
 73,247671
 59,199105
 65,55771
 90,101931
 36,264762
 74,61981
 54,51633
 33,47723
 84,245566
 26,138834
 99,276808
 35,44706
 32,214258
 41,267756
 82,64727
 74,266714
 16,166539
 95,27847
 48,277471
 9,162438
 20,19417
 80,166988
 38,55458
 42,290401
 65,58663
 67,162029
 58,299014
 13,115617
 52,90623
 80,65205
 24,141586
 26,174463
 43,318150
 91,118125
 43,95183
 34,29810
 59,85169
 54,90700
 9,290432
 18,29056
 16,66771
 93,38769
 24,2456
 55,171851
 12,302514
 21,45547
 47,22595
 75,251853
 58,93231
 42,256796
 59,278158
 14,81057
 31,304041
 74,35595
 41,214129
 79,159529
 34,231914
 3,261701
 92,7981
 12,301767
 74,308311
 76,248294
 48,253005
 98,86330
 45,289394
 66,257302
 20,119763
 42,258916
 47,98284
 17,250748
 32,59713
 82,93725
 72,106774
 19,36895
 13,129851
 8,112819
 52,310380
 49,238292
 28,138468
 29,41693
 91,154243
 48,198430
 10,229339
 1,31917
 53,22931
 19,202004
 11,246795
 34,313579
 76,316850
 73,123103
 58,197373
 49,171708
 96,172166
 4,187315
 24,223005
 42,221425
 36,214691
 60,15337
 3,258376
 52,299812
 43,91062
 86,181938
 55,169692
 94,158021
 49,291902
 28,72164
 95,146960
 38,242141
 96,198204
 55,106334
 50,291826
 26,268825
 33,79472
 24,187195
 40,29642
 63,315470
 98,38445
 12,7749
 48,86684
 95,95954
 89,290332
 67,298802
 55,103658
 69,242700
 12,98878
 19,235322
 91,273314
 100,203389
 20,131832
 58,28641
 34,160456
 9,82819
 30,25109
 28,104635
 34,101543
 15,271112
 67,276149
 88,290539
 53,310342
 73,63286
 54,275154
 24,257352
 17,172662
 35,20153
 71,213802
 83,33934
 52,156189
 85,13946
 98,20006
 67,244240
 6,111349
 78,121340
 47,216104
 40,58706
 90,292740
 97,43599
 15,309431
 91,95506
 80,16709
 61,141537
 80,248575
 6,78244
 53,191247
 67,268499
 67,203864
 71,17200
 38,221153
 80,252599
 100,158308
 54,169062
 18,312557
 75,189217
 39,67003
 27,303032
 93,127183
 72,303518
 89,100462
 71,202682
 55,11153
 59,34890
 4,29434
 57,37387
 71,181711
 42,98611
 37,161397
 82,200827
 25,225911
 75,114698
 33,133531
 40,280845
 61,306842
 37,127437
 15,191020
 3,262465
 1,188566
 17,67659
 22,291393
 74,102854
 37,192843
 63,143968
 23,10356
 41,1891
 99,189986
 53,128324
 26,187670
 52,212313
 17,18961
 94,288186
 67,38400
 45,158352
 31,22864
 11,13955
 51,306376
 89,126964
 84,166617
 25,209546
 80,207596
 79,19361
 96,202862
 95,75271
 88,30974
 44,153637
 62,280873
 54,107242
 74,311051
 77,234770
 12,203436
 82,161804
 98,133094
 73,158473
 19,28650
 42,163720
 92,273722
 17,69115
 23,286747
 100,184676
 74,42594
 35,267417
 14,44590
 93,183306
 83,206526
 60,282926
 77,227550
 87,248018
 53,106222
 37,252113
 49,1627
 72,199862
 55,78093
 73,299212
 30,290554
 48,107272
 10,27807
 60,139879
 36,244414
 90,252772
 31,114209
 99,147792
 50,232946
 41,263835
 38,124114
 86,247562
 21,203386
 91,23675
 6,243681
 11,274645
 65,311069
 96,251755
 86,307697
 41,258683
 22,160546
 31,83322
 8,311367
 4,91462
 88,309274
 53,266921
 66,274590
 24,222028
 36,307964
 38,107472
 25,105680
 29,285481
 6,313319
 43,96563
 43,250412
 14,34915
 21,290119
 43,7277
 13,197299
 56,192026
 4,42809
 20,147664
 85,312146
 2,253176
 37,264977
 78,68578
 16,244617
 81,252668
 62,120135
 24,230742
 9,128213
 72,311981
 39,142536
 72,309840
 43,83687
 29,107640
 64,240196
 87,80548
 54,260551
 7,231189
 97,107960
 70,78592
 68,169415
 74,151094
 5,309809
 80,61838
 61,117384
 66,167099
 98,115564
 86,7710
 13,290908
 17,66132
 58,293533
 98,241079
 18,191340
 65,87530
 9,258825
 37,122579
 48,267960
 12,169147
 55,302918
 17,90753
 24,88937
 52,293257
 24,96042
 73,193730
 45,6559
 89,41322
 49,253127
 77,155686
 46,153038
 40,107038
 1,125083
 92,307464
 98,123729
 90,92786
 50,64494
 3,312767
 68,316538
 25,317773
 98,32393
 95,65
 11,142581
 40,163355
 74,297693
 66,300204
 66,79479
 31,85457
 9,197596
 49,172670
 71,109543
 79,41472
 26,39401
 100,1324
 53,231717
 15,15932
 18,205333
 85,76222
 7,252039
 78,223963
 82,123730
 83,103598
 89,9639
 2,80427
 3,274850
 69,172787
 22,305017
 34,225852
 76,18947
 61,24089
 27,36041
 3,125679
 6,222916
 17,122367
 78,229449
 86,140331
 13,135397
 2,28787
 46,275910
 71,126411
 1,157445
 56,213339
 19,169399
 41,125998
 6,274389
 18,171789
 15,200229
 96,205755
 1,205839
 92,267850
 96,212944
 2,250618
 52,7965
 40,243716
 63,255305
 58,147161
 51,153384
 28,214258
 67,164357
 15,126113
 59,92450
 72,132794
 75,207244
 68,63755
 40,317645
 41,43010
 25,111855
 43,199092
 3,214689
 59,68482
 46,208392
 47,262903
 40,115274
 20,81676
 80,35266
 8,7533
 94,182396
 13,27782
 28,208292
 77,311972
 81,279757
 67,223692
 2,150753
 82,40995
 77,235033
 86,270729
 58,61601
 7,238116
 1,112905
 73,108969
 10,64985
 59,118223
 2,17878
 95,31096
 44,180638
 6,313879
 54,223136
 43,181657
 40,103659
 46,138760
 39,78969
 60,60705
 64,59778
 46,202535
 47,207079
 81,248618
 77,240651
 86,318540
 64,75798
 41,86947
 50,223161
 79,168414
 89,85190
 31,248732
 76,306673
 7,152067
 9,242561
 69,208922
 82,81482
 4,111009
 46,49214
 50,217081
 22,139990
 11,77091
 62,214591
 63,308371
 41,45484
 77,60366
 32,282724
 55,166264
 26,94642
 18,44922
 2,86329
 64,82270
 96,60692
 83,202520
 6,60192
 75,22546
 71,262983
 96,83563
 30,318141
 59,104971
 5,292609
 75,242256
 29,173341
 62,251418
 44,186789
 73,199782
 11,263941
 61,246494
 4,253616
 98,162288
 18,222276
 89,108831
 81,2191
 64,121079
 35,242
 10,228557
 34,2119
 60,55717
 33,36657
 51,63748
 10,153669
 49,257308
 33,217106
 68,300908
 90,221225
 34,247263
 93,70132
 61,62492
 50,57561
 79,194115
 14,83135
 46,221671
 22,7986
 82,73681
 52,251223
 22,41808
 89,56077
 88,190358
 62,185558
 40,284054
 24,278881
 82,54089
 77,270436
 30,78158
 20,30881
 32,60772
 28,87497
 5,206489
 94,117928
 14,9282
 77,52483
 33,35577
 12,45911
 86,192368
 26,142523
 32,167871
 71,165825
 34,110316
 24,210018
 70,65279
 64,121124
 26,311751
 67,280372
 22,147199
 87,161203
 39,25368
 31,211216
 7,59863
 67,76300
 12,290308
 63,214663
 59,193368
 96,171011
 37,78931
 56,94200
 44,77591
 78,60329
 63,268681
 56,263475
 69,36126
 76,316405
 93,139930
 53,132932
 16,192865
 100,112692
 49,62064
 5,284337
 37,279892
 49,114180
 49,130047
 13,24738
 43,217742
 53,30748
 1,128957
 59,149351
 48,4870
 7,99259
 23,148187
 28,266436
 71,73600
 10,157989
 65,292512
 90,126089
 99,295623
 93,167155
 12,222978
 72,291735
 45,128720
 62,5979
 38,129938
 90,300075
 79,278937
 14,141364
 35,255828
 92,121121
 80,142116
 44,75312
 34,102115
 89,252746
 3,157305
 8,8550
 93,71518
 2,262161
 86,168322
 41,4468
 43,113671
 89,218158
 43,148354
 46,151827
 72,204713
 80,291978
 79,16800
 42,121733
 93,294285
 52,28665
 51,250638
 24,153003
 67,207040
 5,49405
 35,169030
 81,304243
 54,149593
 51,192058
 3,46021
 60,197208
 63,192388
 53,179843
 36,303793
 24,196198
 37,311911
 88,34216
 9,116828
 29,200254
 65,234103
 34,103284
 85,14464
 38,192464
 7,21007
 34,57769
 28,126635
 54,4344
 42,225218
 34,241033
 91,276185
 26,308105
 100,311741
 47,14236
 7,117060
 44,24745
 33,235714
 3,50610
 51,227455
 34,207557
 23,68512
 30,34164
 76,217660
 38,101161
 88,18436
 31,129690
 86,240761
 57,18018
 58,162049
 35,314986
 21,264512
 21,95705
 62,154797
 63,249625
 51,185227
 44,264691
 72,93429
 36,158255
 49,46861
 37,117832
 99,77649
 94,315010
 54,318551
 24,247521
 79,292017
 89,90287
 14,112833
 92,88196
 51,234923
 48,153579
 69,291281
 17,94966
 39,78216
 71,266409
 64,70732
 5,11366
 14,15213
 31,225396
 13,281515
 54,218822
 91,84926
 17,95208
 83,57251
 20,202728
 45,267334
 25,296523
 48,306712
 93,1611
 39,101606
 67,277811
 3,69363
 3,308487
 7,156138
 17,78705
 71,59516
 67,147859
 71,100068
 46,210597
 81,117759
 11,318596
 76,269320
 20,53202
 99,282419
 50,24339
 62,157962
 98,24581
 25,273177
 98,234052
 31,26651
 54,47140
 31,174825
 29,257076
 53,215071
 43,191095
 18,196151
 98,153066
 4,172057
 16,100580
 57,234562
 90,170373
 24,134269
 18,124335
 26,274484
 41,226579
 57,199534
 50,289064
 72,97152
 90,220727
 28,79406
 49,90628
 32,114934
 32,189378
 84,268135
 19,62209
 87,91190
 61,227680
 3,190654
 85,318241
 7,164400
 36,88452
 73,112336
 87,100245
 43,186696
 13,221859
 17,266660
 36,300893
 99,202740
 100,115797
 11,12653
 14,293607
 89,98677
 31,296223
 33,17643
 10,76187
 67,207274
 33,191868
 47,307691
 48,188089
 67,101539
 42,305780
 18,170985
 79,72688
 17,92071
 3,174970
 100,302056
 31,62116
 80,128384
 73,200158
 100,311432
 26,189817
 94,207042
 58,235545
 35,278250
 98,254672
 51,185001
 68,313285
 74,77230
 29,226959
 55,307225
 66,288923
 67,282931
 72,231250
 27,231086
 25,269336
 91,249452
 8,8853
 14,224786
 65,92393
 55,51190
 6,56771
 36,233414
 87,278381
 7,19635
 78,111379
 30,49858
 73,122102
 89,39245
 46,200567
 66,148086
 11,248667
 99,110408
 22,29434
 97,190823
 69,183988
 77,103657
 54,234194
 59,272821
 8,314960
 36,184216
 86,97633
 40,7010
 70,207779
 21,125533
 51,252144
 44,184379
 6,161334
 25,107018
 98,182014
 31,58764
 71,88976
 83,217931
 99,31127
 33,316208
 74,303264
 1,63102
 13,224667
 71,76237
 22,288018
 100,268698
 87,266261
 49,183657
 9,101062
 85,153159
 89,250428
 75,248785
 99,220601
 10,233621
 56,239923
 20,177244
 65,254344
 78,244104
 89,161740
 100,100364
 80,7283
 68,115025
 74,62536
 89,69922
 61,45012
 74,229524
 20,43628
 38,96477
 50,50170
 41,118627
 58,200642
 57,158937
 93,27110
 89,279648
 31,193264
 28,243241
 14,118754
 6,9751
 64,255640
 64,295316
 1,160972
 59,99598
 58,37017
 74,22470
 38,77440
 7,95346
 59,83793
 48,65081
 41,256192
 44,300369
 78,23289
 51,81340
 74,39369
 39,102314
 73,131962
 78,107085
 76,127565
 36,275989
 83,209853
 39,87269
 10,104998
 73,106384
 55,164433
 55,115572
 80,239416
 15,182457
 34,69048
 11,294389
 65,270174
 74,249478
 41,159983
 71,201698
 93,84054
 56,318486
 22,192598
 1,145880
 51,270857
 32,256371
 75,235271
 87,244887
 33,173135
 95,265959
 77,289421
 1,57713
 10,178840
 16,220727
 11,225137
 28,169740
 62,70470
 75,173317
 69,179930
 88,188794
 61,260666
 14,36387
 62,3081
 64,180310
 26,125299
 36,25350
 53,168272
 63,127970
 23,52782
 82,164640
 13,190384
 15,185751
 17,184466
 84,15398
 40,28861
 82,167860
 65,221696
 80,107089
 88,82158
 95,36585
 77,219317
 25,122775
 15,165218
 56,297180
 72,225204
 82,221015
 29,33435
 88,226207
 72,267324
 9,10899
 14,228224
 83,139829
 41,243096
 43,163237
 85,217842
 53,116945
 53,264715
 34,125590
 79,23617
 81,37106
 60,36477
 25,218760
 20,259437
 1,36377
 23,48739
 54,121105
 17,291684
 47,201590
 16,270323
 81,135621
 4,43946
 79,195638
 10,72599
 26,305682
 2,55581
 88,120182
 17,101268
 91,45859
 100,242358
 94,236131
 77,278920
 63,157870
 81,19387
 64,24990
 92,163234
 47,166538
 1,1819
 35,269405
 56,234637
 21,184889
 16,215641
 75,93681
 63,41334
 52,12114
 86,310311
 23,23501
 45,8694
 74,257266
 97,11224
 77,141423
 2,70779
 42,237096
 38,99948
 6,311143
 5,302167
 47,136793
 2,75578
 41,224925
 52,194343
 97,258517
 57,114400
 36,201205
 19,140593
 2,119806
 4,203017
 13,95751
 40,130868
 99,309855
 17,292273
 80,223100
 92,214691
 26,228418
 98,103949
 80,108929
 29,253375
 95,104130
 55,101060
 58,223023
 29,269854
 7,265894
 9,172708
 68,314831
 81,73668
 95,42330
 24,113168
 13,163104
 21,259838
 13,296936
 81,117266
 68,133691
 7,2277
 21,228118
 27,26042
 98,6011
 37,281466
 73,212652
 79,165569
 16,138111
 81,289709
 48,228956
 70,277341
 28,314531
 66,278372
 72,183130
 5,166251
 30,144594
 2,194973
 63,188762
 54,235211
 71,42232
 44,214009
 48,389
 11,256435
 25,278275
 54,117879
 51,223853
 77,50213
 69,80969
 27,245604
 60,153862
 73,19139
 43,301897
 48,181050
 46,308783
 79,92944
 15,284524
 66,249864
 47,213168
 14,171363
 75,239799
 75,110667
 99,141528
 70,56069
 94,289859
 56,134489
 91,45040
 20,147282
 21,161384
 84,150117
 97,280655
 81,129611
 77,104362
 69,221987
 68,180894
 64,307819
 3,41501
 52,196949
 93,40198
 13,241543
 92,268372
 33,265437
 2,204759
 36,301629
 60,236404
 76,311043
 89,248297
 29,284841
 59,121854
 6,255267
 43,80265
 68,257104
 21,220645
 17,31037
 92,252834
 7,125779
 30,294093
 50,59826
 23,109452
 83,256165
 44,9135
 50,192442
 96,166859
 56,144656
 51,26814
 95,51131
 50,141530
 74,166613
 86,283637
 58,289389
 79,153407
 17,311821
 78,173820
 19,158320
 22,140452
 75,248602
 45,296971
 2,19673
 62,4792
 50,36697
 81,50398
 14,74514
 23,240395
 95,15258
 29,199178
 46,167541
 95,149031
 51,166294
 25,153524
 3,207158
 96,190238
 80,7529
 74,12716
 16,122605
 78,20680
 49,191439
 99,319985
 44,254502
 71,153930
 52,61516
 28,201719
 47,157215
 95,159373
 20,68607
 78,200170
 56,125577
 33,260070
 50,239049
 64,178940
 15,189990
 76,245524
 28,178989
 2,265781
 62,117298
 46,46696
 30,7850
 24,260967
 57,244504
 74,212415
 61,212458
 41,266539
 2,51996
 32,89496
 80,237443
 72,215600
 67,125633
 55,119612
 12,241639
 79,137971
 13,36563
 36,34605
 25,10902
 83,104850
 77,54116
 13,311616
 20,235856
 2,132862
 47,265028
 43,217811
 7,299943
 18,255933
 55,147212
 90,93527
 48,129566
 41,47474
 71,154400
 36,228727
 16,259473
 86,291852
 97,44387
 33,304451
 61,295046
 34,31500
 43,41212
 29,131078
 100,40093
 39,92978
 63,64389
 20,244023
 31,20854
 1,36759
 46,242278
 49,49629
 61,152671
 3,23461
 72,297406
 92,127377
 1,51174
 35,278295
 53,30654
 69,5656
 23,211848
 29,135111
 68,143007
 86,143383
 68,155087
 25,278992
 34,53543
 63,22834
 37,214754
 64,130621
 83,312070
 77,276630
 87,148065
 28,129720
 38,66861
 19,160577
 82,64610
 98,295828
 87,207325
 56,85384
 56,203440
 74,296686
 45,95790
 8,262643
 19,147704
 92,152472
 59,79917
 7,319279
 96,140399
 17,61556
 69,47395
 12,133937
 59,158653
 97,305180
 93,318422
 50,226281
 100,264779
 24,52950
 19,69239
 99,273963
 95,70744
 40,158264
 80,300239
 48,38420
 59,80925
 39,103772
 67,306622
 42,11322
 57,241626
 1,66118
 80,285497
 49,171302
 87,311320
 29,75417
 76,86446
 1,306927
 67,301142
 26,182569
 59,242511
 72,42278
 96,68234
 48,206564
 59,110474
 90,119484
 45,238760
 99,264245
 78,41278
 98,306780
 85,157380
 1,232719
 62,304431
 57,258788
 50,247034
 62,91634
 71,173655
 47,226072
 34,189703
 78,48390
 2,177742
 21,296516
 33,75663
 71,93024
 75,303786
 11,285432
 45,182675
 43,133580
 26,262778
 57,295555
 46,167539
 99,83920
 45,7073
 79,220461
 7,154183
 93,70803
 58,249573
 65,122589
 34,36824
 54,123153
 16,94224
 56,171690
 59,206816
 91,305775
 61,101138
 92,81571
 23,153590
 19,264656
 15,122662
 32,236977
 11,62568
 86,151297
 89,37886
 15,185384
 89,203915
 15,184613
 29,77331
 40,121834
 23,296399
 27,23591
 66,149437
 48,110753
 41,46084
 36,73195
 29,81158
 54,248572
 13,8280
 86,233928
 66,221389
 72,164236
 94,249224
 27,108751
 54,4850
 37,141494
 71,99682
 57,280654
 62,123444
 9,315513
 79,217923
 32,114483
 30,197496
 24,33988
 93,292907
 74,7047
 42,175804
 29,49666
 13,15940
 1,150045
 34,179898
 78,252815
 21,194202
 93,256325
 74,133184
 1,36882
 54,186130
 32,180375
 83,277028
 64,14229
 15,295454
 2,280533
 70,51142
 75,117839
 73,15185
 46,212159
 27,46785
 23,223250
 47,274756
 37,143159
 96,223135
 47,59768
 86,263441
 14,43052
 43,318356
 49,221185
 19,129866
 30,128643
 92,33205
 78,193498
 68,315546
 80,159082
 32,103382
 51,299742
 13,181786
 67,68631
 25,161788
 46,7580
 8,302649
 100,42196
 69,184284
 44,282113
 67,88736
 84,199344
 16,307484
 29,276353
 47,318933
 88,32335
 39,255883
 85,232902
 46,319291
 25,85659
 99,89591
 17,166871
 87,141790
 66,119915
 55,128551
 75,300000
 95,318348
 47,56364
 84,49505
 64,168588
 72,261658
 92,127144
 69,32418
 10,132034
 85,101484
 24,170799
 78,117358
 6,16389
 20,16746
 92,180360
 89,53586
 13,108098
 100,249647
 63,34946
 45,144505
 61,122690
 5,51042
 31,1712
 95,311077
 17,46603
 38,271573
 19,113441
 81,215771
 84,277114
 19,285609
 64,282283
 1,114813
 49,185318
 48,308621
 45,65391
 45,110261
 15,79869
 58,20495
 98,140410
 5,33360
 11,299516
 23,187735
 20,234819
 44,89448
 16,146214
 28,300287
 98,154989
 52,167476
 82,94783
 11,278512
 31,141147
 14,138914
 67,217219
 46,89099
 61,43826
 55,27066
 29,73158
 93,136221
 22,242419
 52,474
 15,236277
 41,146073
 37,255318
 55,115078
 83,141093
 38,244193
 24,277839
 48,207258
 66,271808
 54,149686
 24,207100
 5,164169
 11,6354
 46,47145
 48,74297
 53,17584
 8,199984
 36,70403
 6,175858
 44,95712
 21,216158
 68,278267
 15,311834
 18,192774
 20,172475
 67,310424
 52,282720
 7,295148
 17,218668
 10,164253
 88,223383
 11,278177
 48,135230
 18,291435
 21,289470
 31,32512
 70,195636
 90,315452
 24,289075
 49,249880
 26,185558
 89,275939
 29,248467
 71,212617
 88,168016
 25,12092
 17,275295
 75,104600
 12,177353
 91,319479
 83,100830
 40,103956
 59,238984
 9,174047
 85,287162
 72,43307
 36,222193
 68,300693
 74,251094
 71,146106
 57,119765
 34,89906
 6,97662
 71,16693
 54,147550
 89,306996
 10,81775
 11,121501
 31,317443
 28,304858
 70,1305
 69,19433
 88,317744
 98,2055
 89,18772
 64,146241
 57,87417
 80,183129
 58,195977
 33,144538
 99,13770
 67,215252
 14,117300
 49,83310
 60,49397
 76,282426
 7,70708
 9,146588
 27,59470
 81,114591
 42,310054
 45,157368
 64,47371
 25,166241
 24,153919
 51,96445
 21,131335
 20,51637
 51,214181
 100,73040
 23,55927
 54,223832
 39,265380
 55,162043
 78,229590
 26,269358
 62,137280
 7,30223
 65,302963
 57,18884
 13,153638
 56,285784
 92,33327
 86,113934
 72,247784
 36,19032
 48,193451
 92,82674
 2,7270
 86,247120
 66,149607
 87,37063
 92,250088
 40,273093
 40,200758
 100,107432
 99,151986
 94,45601
 96,257250
 32,241579
 32,60359
 32,199036
 52,47892
 13,285741
 64,2878
 92,270820
 33,104632
 14,252683
 77,163372
 45,90345
 57,199426
 15,280580
 42,143706
 15,99520
 34,259115
 6,13468
 79,244355
 81,197879
 61,28318
 58,127893
 78,240011
 37,97254
 95,143924
 27,239290
 72,299331
 1,44355
 99,239760
 94,267682
 2,295803
 89,56592
 71,176778
 13,222689
 48,209253
 85,10367
 6,180155
 63,142781
 91,97230
 21,203779
 80,276379
 88,227035
 40,7502
 91,131378
 76,11125
 64,127387
 98,104672
 28,34731
 49,115167
 50,199448
 93,42016
 13,305519
 15,163794
 15,40577
 26,152947
 67,199958
 56,167355
 88,232784
 25,54546
 19,139323
 64,161861
 60,126264
 48,248605
 78,279269
 59,268249
 43,54968
 95,199123
 1,243855
 19,173396
 91,146440
 10,6215
 20,50646
 48,26514
 67,46380
 56,69687
 81,87089
 15,254683
 82,287578
 47,316092
 69,40666
 56,4888
 19,105217
 68,196435
 10,123163
 30,77124
 23,147024
 47,268317
 6,25080
 41,35474
 82,232325
 62,285488
 70,18881
 75,12737
 14,181292
 60,143435
 2,312579
 53,143908
 68,204299
 17,160217
 33,99656
 28,141447
 40,88184
 72,216112
 64,135802
 47,197881
 4,61246
 58,19494
 42,91157
 77,96180
 32,90989
 98,230244
 89,51842
 86,29568
 70,18970
 10,68653
 83,94105
 1,17942
 11,20110
 82,86970
 42,82681
 25,158751
 66,130081
 45,224300
 36,240479
 16,151035
 2,63571
 26,272072
 42,98474
 85,294534
 3,265535
 90,8007
 53,172425
 98,46238
 4,100949
 12,66278
 37,105349
 35,106525
 99,12203
 64,161832
 1,16271
 100,65487
 76,26299
 49,39166
 11,202998
 31,215752
 13,366
 97,39247
 1,69104
 32,75788
 64,49393
 8,127153
 22,296991
 61,280737
 98,250068
 91,112735
 19,93434
 82,149163
 64,167700
 2,213739
 61,217238
 51,181996
 45,91074
 62,252001
 88,266720
 66,167384
 2,277909
 23,298325
 54,70695
 27,307706
 40,66099
 67,65779
 62,251691
 33,262876
 94,262500
 77,204106
 90,231098
 34,162612
 34,55682
 65,13477
 45,19559
 54,62629
 56,291402
 17,287300
 46,294718
 35,296520
 94,277721
 21,226200
 21,281986
 43,269414
 12,309825
 52,272208
 58,287663
 86,266230
 20,241193
 63,71461
 84,219180
 54,111891
 45,210659
 15,106732
 46,31721
 23,16352
 91,216372
 90,235626
 54,166582
 19,49720
 42,122651
 82,247081
 10,289408
 40,67613
 16,248909
 19,93251
 9,73359
 44,120403
 4,203607
 97,89268
 26,289352
 48,128216
 87,223067
 42,212915
 28,155658
 25,315174
 86,78164
 64,229898
 49,184094
 93,129230
 31,246142
 5,156048
 92,115823
 63,25029
 64,140743
 35,90313
 96,12160
 5,57802
 34,297053
 86,279498
 44,295524
 75,105753
 5,1621
 38,261257
 86,137797
 97,255775
 54,33352
 69,17850
 38,66098
 90,314774
 94,79147
 7,260321
 96,61762
 62,179310
 100,18294
 66,116427
 87,273268
 65,300163
 6,148251
 78,310256
 94,119936
 97,158086
 6,139295
 61,192504
 25,216499
 26,13151
 91,271928
 33,236650
 93,296612
 38,181071
 44,41035
 77,144703
 85,22022
 100,166588
 12,109963
 99,168522
 99,3972
 90,45433
 58,46438
 9,313139
 86,1601
 12,309220
 9,301953
 80,100687
 36,210618
 84,52115
 52,132998
 38,77845
 53,314269
 48,24829
 77,178215
 67,108998
 13,318043
 35,94149
 6,64652
 1,173999
 86,157205
 27,76211
 90,306100
 62,90318
 20,116340
 31,91560
 71,156016
 11,203259
 60,317128
 7,114389
 64,62518
 13,226268
 60,43375
 21,62710
 63,272000
 27,276489
 3,278762
 40,305120
 92,83534
 67,313588
 20,253090
 30,243440
 91,300576
 85,307868
 2,212898
 81,182043
 16,318838
 99,137777
 50,140033
 80,97344
 70,136147
 21,215911
 78,96545
 42,177036
 99,196605
 48,23826
 34,139332
 40,65984
 86,32461
 55,76947
 22,269048
 85,305728
 29,111300
 82,317007
 16,108463
 81,168395
 16,128011
 83,303733
 87,267746
 65,107327
 37,284045
 10,81275
 45,182291
 18,137859
 84,227003
 5,86756
 54,40354
 38,105722
 7,236085
 68,286805
 7,80737
 92,163513
 34,284671
 54,74746
 72,53254
 70,144682
 49,84663
 48,22994
 94,227232
 22,299488
 59,33854
 67,284264
 40,200183
 45,64995
 63,149158
 33,105703
 16,131606
 39,157826
 67,50098
 60,34268
 91,229988
 36,281742
 21,99712
 20,298376
 42,30922
 46,130803
 65,22056
 73,313866
 59,282032
 87,231482
 98,168291
 45,190541
 2,258318
 84,26810
 1,55188
 63,37040
 58,177930
 41,127344
 17,48208
 19,157909
 43,13658
 87,155598
 98,298523
 8,4201
 18,82038
 61,144051
 60,76932
 42,188157
 80,306683
 59,272251
 71,209277
 15,62345
 36,50859
 82,304689
 69,189557
 12,203685
 92,306061
 44,308267
 85,249595
 44,8758
 70,194604
 45,282247
 100,38643
 62,257279
 99,211120
 93,162128
 74,147424
 61,131319
 54,1110
 63,153101
 7,82640
 37,236994
 90,103394
 23,279368
 39,120579
 80,9813
 55,39113
 53,272401
 66,8882
 42,289379
 98,245669
 85,279033
 68,299461
 89,215545
 27,187576
 16,184562
 71,224197
 70,245979
 67,298807
 63,77938
 12,214702
 56,234744
 51,63710
 3,251849
 15,137316
 71,99799
 31,115034
 96,6313
 71,35853
 44,243512
 70,310757
 98,183986
 9,87636
 16,8191
 58,242068
 46,109799
 78,118377
 22,38813
 4,229188
 19,115471
 47,65639
 5,53548
 15,119132
 68,60220
 6,97464
 5,153205
 78,5096
 19,64391
 54,242518
 1,213288
 56,309769
 59,93173
 2,305205
 2,70641
 32,101344
 22,224980
 33,314072
 33,215592
 78,297411
 35,221212
 2,82128
 67,241017
 2,79469
 64,97738
 89,23006
 83,10616
 91,190568
 46,242955
 72,231405
 21,83395
 10,312911
 58,11244
 22,250004
 17,95635
 60,263905
 60,19421
 74,256654
 19,153235
 46,184507
 95,101200
 92,319916
 28,151837
 93,11756
 21,198062
 6,236186
 88,235432
 85,170915
 34,247556
 31,71922
 25,112771
 37,313325
 30,90720
 67,250768
 12,119393
 82,125253
 45,281719
 10,174889
 15,132277
 20,270882
 15,90175
 90,8850
 71,24357
 21,235635
 32,134445
 45,21417
 5,210564
 14,197931
 2,220690
 9,194118
 23,242597
 71,66839
 58,112762
 41,98138
 51,32539
 74,206897
 80,112498
 74,27923
 81,305294
 45,178670
 83,316935
 38,18056
 47,281155
 91,285950
 14,164116
 25,246219
 91,215073
 34,253107
 84,11506
 86,245420
 13,292758
 14,124604
 88,125757
 74,283926
 46,9140
 30,74738
 27,81285
 100,195683
 33,66716
 10,309957
 8,91749
 86,83576
 45,251327
 14,246172
 16,245882
 72,48252
 27,9142
 90,110484
 41,123748
 42,131694
 43,312448
 72,4961
 94,6133
 53,241128
 60,239059
 68,159529
 87,1552
 56,175885
 68,141322
 21,83818
 94,87342
 62,186473
 86,32275
 43,293517
 57,221678
 14,200298
 59,67818
 65,148647
 35,28998
 2,234064
 24,200632
 34,9839
 39,123080
 90,263911
 39,203712
 62,218831
 4,279285
 38,280108
 21,38182
 71,186454
 56,70418
 26,222454
 17,59965
 30,18060
 48,266309
 72,149195
 85,87171
 41,158281
 77,308391
 71,229349
 67,123343
 79,176435
 8,101148
 24,228520
 80,242280
 11,83668
 34,196901
 79,293366
 27,28770
 61,263949
 52,232994
 7,166165
 47,289904
 86,58275
 88,104881
 3,93088
 56,42070
 34,226149
 18,70033
 30,307322
 16,87649
 11,90570
 67,93839
 22,225769
 94,211569
 96,265423
 10,278139
 81,250108
 84,206884
 17,193289
 30,236981
 51,150948
 3,34289
 95,89166
 62,258187
 81,149237
 51,196961
 83,98917
 76,279631
 3,115143
 65,15912
 92,183793
 78,107646
 92,49816
 89,165286
 34,6223
 83,246337
 5,18797
 1,147169
 65,28095
 88,157305
 64,177963
 10,303996
 96,107143
 98,302194
 95,215174
 61,244979
 7,273760
 88,165990
 33,242668
 72,52244
 28,186980
 76,153285
 94,231788
 68,296076
 95,182442
 68,186570
 85,265510
 65,309329
 28,213951
 4,109468
 34,75220
 12,143410
 68,210545
 21,69426
 53,79019
 70,135231
 92,245986
 74,309109
 61,169884
 2,168591
 18,228783
 5,295563
 28,295983
 42,302872
 52,146014
 56,131858
 95,280011
 87,16484
 69,291369
 100,263533
 45,275962
 57,203560
 30,145025
 73,31359
 82,104745
 32,241334
 38,309967
 30,126902
 32,132477
 3,94563
 7,113649
 72,140660
 85,65636
 13,215307
 2,46945
 25,141323
 35,300118
 25,267129
 24,58911
 81,130691
 31,61847
 75,224155
 22,245578
 17,222967
 48,287358
 54,103505
 94,83031
 36,106932
 10,288699
 40,173440
 85,98188
 17,236527
 86,193251
 95,215757
 26,84962
 24,282852
 36,68199
 79,213217
 78,52068
 71,49628
 78,246580
 39,31417
 7,228584
 38,206704
 22,68619
 96,37082
 90,94398
 12,91763
 21,254489
 96,117780
 5,47816
 58,169592
 14,84274
 54,106930
 74,307198
 96,246531
 57,45279
 96,177130
 53,27420
 67,204016
 65,118836
 57,273710
 94,194169
 6,21283
 34,256569
 24,285679
 13,127019
 42,155938
 20,169443
 19,193597
 20,257425
 20,310543
 8,139310
 33,206396
 81,191675
 6,109609
 63,255818
 91,102592
 74,126657
 11,102315
 21,102819
 85,70747
 53,185359
 89,189114
 97,193114
 6,114466
 72,66091
 82,156435
 66,37066
 51,157000
 80,89093
 55,78488
 18,38872
 11,295133
 6,11284
 85,4768
 5,231840
 49,29922
 45,29196
 24,221064
 44,264377
 4,236346
 46,133880
 34,43918
 43,122012
 53,290168
 65,184186
 70,298867
 94,235054
 54,104931
 66,91048
 4,260151
 37,248037
 33,318837
 71,121268
 6,187972
 37,149432
 87,301039
 15,8041
 56,64906
 44,62868
 28,71907
 66,236353
 73,63402
 84,117484
 6,256611
 60,10735
 97,307339
 65,96159
 23,300750
 68,191867
 54,231220
 28,27812
 45,231055
 14,307075
 88,164974
 48,103414
 60,98733
 100,139127
 96,220005
 88,256693
 87,306767
 60,302588
 61,293260
 32,178697
 21,202495
 54,85825
 13,29498
 61,237192
 2,245
 16,82803
 62,80703
 83,275212
 80,232330
 24,136255
 74,169075
 45,172805
 13,143007
 82,187000
 5,179051
 9,174547
 18,48147
 70,238301
 7,145852
 65,129164
 72,38844
 22,17241
 18,291835
 5,161795
 6,257323
 39,90478
 78,54565
 75,187035
 80,45568
 4,227726
 88,288851
 34,271585
 47,73247
 9,212300
 98,194320
 97,156552
 26,76984
 58,247095
 48,147714
 100,47171
 87,177732
 90,38841
 89,60026
 11,104751
 11,112604
 82,209359
 86,199824
 88,54673
 69,277688
 34,229779
 32,13953
 5,305728
 27,257997
 82,306543
 99,298019
 66,136033
 61,40223
 97,37612
 30,152668
 21,190814
 87,17479
 77,148911
 13,34648
 51,21408
 86,179222
 75,139569
 95,51437
 94,4823
 35,192344
 65,112188
 71,4440
 21,284386
 76,55376
 65,205423
 60,236467
 72,66184
 83,199522
 19,300556
 91,86500
 94,165213
 89,7033
 94,184139
 66,200652
 60,101095
 39,233210
 63,102763
 51,95340
 93,41353
 81,113237
 16,298257
 27,83613
 14,173884
 77,112402
 9,204116
 67,44358
 67,209947
 23,124844
 90,174716
 63,256724
 42,11972
 49,223723
 31,193067
 79,316575
 22,298950
 67,214130
 100,218075
 26,285717
 43,273609
 5,174970
 23,235356
 53,83275
 27,318007
 23,24001
 42,301805
 7,68043
 82,238649
 36,308455
 23,23227
 4,178968
 67,256574
 90,239761
 41,247132
 90,54356
 12,127048
 98,136534
 1,289760
 76,36294
 33,25564
 68,314353
 58,2142
 84,140315
 25,11245
 83,299955
 49,236617
 80,276350
 35,270591
 73,310634
 34,212552
 84,71873
 54,25539
 63,8901
 66,230144
 27,127594
 20,272584
 50,42695
 99,258810
 10,226656
 98,17624
 46,216865
 93,1379
 82,139238
 73,309209
 95,122200
 27,250286
 98,256069
 100,172215
 94,37745
 71,110159
 7,253402
 73,95443
 74,197893
 52,62621
 10,167877
 33,6924
 42,293526
 18,186450
 23,11103
 98,217734
 47,127602
 52,47927
 100,67386
 30,240744
 10,33878
 86,200855
 61,311828
 38,209232
 43,122019
 70,266696
 42,23825
 88,104109
 28,191289
 51,195140
 9,265074
 21,130349
 3,111559
 4,183589
 31,201209
 58,91981
 88,302553
 72,87897
 35,295286
 78,312090
 22,91520
 38,258393
 4,60410
 53,58907
 32,101052
 9,314508
 57,301936
 36,302906
 34,244796
 99,185782
 67,38288
 90,210612
 89,208823
 77,179883
 54,195064
 73,22347
 51,174617
 22,159100
 39,22499
 86,210010
 58,191495
 30,62875
 62,221735
 51,214239
 41,3011
 57,274403
 79,36134
 76,1474
 60,173252
 47,241528
 12,135993
 64,215850
 72,234514
 77,216227
 36,150034
 5,220291
 48,224265
 98,171422
 23,241575
 97,13155
 64,180276
 20,29930
 2,176959
 18,253346
 56,48120
 98,6574
 85,87877
 52,190030
 55,28645
 48,230233
 55,281170
 32,158167
 99,78009
 7,173516
 34,29253
 4,71305
 20,268482
 64,118720
 3,104883
 79,241937
 100,148577
 13,195362
 47,142978
 11,274707
 57,23790
 21,239469
 95,317796
 3,60561
 92,204473
 43,278454
 3,84069
 24,177706
 31,173828
 46,103136
 89,89248
 97,94626
 16,175093
 27,126303
 2,208436
 85,227612
 65,199083
 89,103348
 39,75412
 97,142577
 98,256906
 66,80431
 11,66565
 87,242934
 99,80858
 74,179526
 55,219428
 74,189281
 9,148676
 56,156039
 6,249658
 64,285225
 79,302772
 76,103302
 37,177308
 71,143768
 67,228693
 32,146712
 98,104514
 22,6944
 47,294701
 76,146278
 63,164582
 63,28280
 90,302131
 28,84118
 70,159513
 23,18597
 79,260975
 32,41392
 83,55453
 61,84310
 21,226339
 74,229023
 63,303434
 7,227443
 39,46354
 90,27007
 37,7277
 2,274588
 25,10362
 48,224047
 21,222958
 76,96916
 78,32869
 97,231583
 94,173054
 57,281456
 18,55171
 42,155792
 73,263291
 83,174939
 21,300386
 20,308589
 31,80269
 10,72342
 47,44583
 79,230972
 54,151174
 34,61440
 25,168664
 86,77677
 49,27199
 7,192122
 39,318360
 87,76528
 94,48197
 3,95871
 8,132795
 97,16797
 92,211644
 52,110873
 99,316249
 9,184560
 30,125837
 67,188833
 12,18328
 52,294091
 99,40916
 21,316531
 20,288686
 37,88348
 79,214068
 19,22165
 81,45848
 13,249722
 28,248899
 42,250057
 61,167453
 50,224689
 85,49851
 25,188833
 5,263430
 11,14501
 16,80623
 23,141935
 30,118666
 57,18584
 56,96859
 3,69086
 9,98799
 88,280815
 6,285256
 17,118115
 4,142624
 52,220799
 76,141055
 14,86866
 93,107255
 58,182977
 33,291077
 3,239629
 51,187964
 57,199108
 47,90762
 88,188772
 38,298863
 86,161436
 90,255633
 95,129799
 22,70768
 20,316624
 38,155774
 4,211308
 7,26974
 92,79975
 39,296077
 38,220806
 90,302899
 95,184428
 90,217091
 35,121676
 94,73993
 17,25909
 72,246464
 1,171085
 25,147288
 62,281120
 49,22699
 88,243270
 51,276626
 37,282094
 45,211211
 11,258937
 6,170669
 86,121361
 4,88039
 36,199954
 74,60474
 32,290321
 6,289174
 79,70911
 46,146973
 60,287567
 97,175349
 75,63881
 65,174704
 64,182574
 51,259217
 74,14171
 84,43840
 97,156925
 37,242267
 64,61980
 6,58772
 32,283554
 49,166728
 19,138108
 92,29508
 68,176490
 62,147441
 59,157424
 9,133991
 33,162240
 96,32413
 75,20829
 43,310165
 84,166432
 95,89610
 40,209481
 91,48069
 64,34706
 30,290852
 94,223645
 69,97226
 75,256989
 11,858
 99,258151
 90,15671
 88,100100
 42,196639
 67,16300
 33,166952
 59,49835
 65,187209
 17,244996
 45,288780
 55,91957
 34,124185
 8,70976
 33,270645
 80,309784
 100,158540
 24,85584
 76,212356
 40,159487
 97,149484
 5,28438
 45,181010
 11,319392
 1,239037
 76,271264
 41,153419
 30,200314
 89,90614
 27,215485
 52,233139
 21,297698
 74,245259
 94,160526
 27,105111
 71,138323
 32,228748
 30,59431
 21,10913
 52,174338
 8,166287
 50,131254
 67,53620
 48,245103
 91,134977
 58,171712
 8,313542
 30,152625
 76,234384
 2,160347
 6,190109
 65,285903
 76,312834
 34,253539
 34,193631
 33,309018
 58,268599
 58,50608
 50,142438
 49,258900
 62,304853
 92,212515
 68,292872
 72,195205
 63,166547
 100,173055
 73,118108
 79,171080
 41,191786
 64,188222
 60,66847
 85,236755
 77,275239
 78,230976
 77,130849
 75,172655
 51,63743
 62,182118
 54,163817
 78,174222
 20,276586
 76,309569
 87,319804
 60,286381
 48,199246
 100,306451
 84,111244
 68,33658
 92,213892
 96,8239
 12,208067
 37,318417
 27,138725
 45,2675
 46,313805
 80,84917
 78,215612
 35,163537
 45,258179
 42,96502
 96,270807
 31,258632
 39,299288
 62,308444
 100,145607
 47,248927
 22,10407
 10,129907
 33,91529
 82,3944
 38,165664
 50,78977
 34,29396
 30,298586
 31,183217
 27,234248
 21,248652
 53,145215
 64,103352
 13,139
 62,252774
 18,211828
 69,176770
 76,30930
 49,23533
 25,273142
 39,213942
 61,226384
 26,110619
 48,296189
 8,140755
 60,236324
 42,106186
 59,45465
 3,186319
 20,88711
 36,67989
 66,273284
 67,99346
 89,5889
 54,231570
 90,107789
 25,248810
 71,227060
 94,240306
 54,79635
 92,298100
 17,80573
 82,108646
 4,295473
 48,291504
 28,306218
 84,77344
 16,271577
 53,280503
 23,231839
 6,8228
 7,130067
 36,88673
 56,293273
 16,205336
 63,289762
 51,191374
 79,62925
 76,14375
 66,145805
 8,137309
 21,231514
 97,98819
 68,215228
 36,50430
 13,110287
 3,21197
 75,69489
 67,23024
 77,187538
 19,114749
 51,48937
 58,94682
 62,65626
 83,295132
 24,136241
 30,21616
 33,302601
 38,125623
 72,272239
 70,135092
 46,138226
 3,269246
 56,249777
 34,240425
 36,174570
 90,88885
 59,27819
 30,307825
 50,297488
 13,64970
 84,242985
 13,255858
 81,301767
 63,290340
 85,94867
 74,121860
 84,243167
 68,13822
 39,6591
 55,308436
 76,281910
 49,20361
 1,143759
 1,11671
 51,136795
 86,175435
 19,14452
 17,108356
 59,204675
 70,56092
 3,232288
 93,112239
 48,35276
 94,229259
 73,63000
 35,160528
 53,127977
 22,269577
 17,229148
 57,49575
 46,112917
 26,313924
 67,308110
 70,168276
 99,254414
 57,228508
 53,205509
 19,256439
 74,307854
 80,278318
 94,93371
 9,42756
 21,3182
 34,77110
 41,173928
 25,112374
 47,5817
 100,66497
 52,138998
 62,261477
 47,189716
 8,180469
 24,265548
 83,124959
 10,131172
 36,256759
 28,156155
 60,172031
 76,169943
 74,119542
 8,134866
 71,289807
 78,196936
 89,116856
 34,154869
 8,196469
 74,250864
 77,187259
 87,17796
 70,93761
 69,157003
 80,51862
 79,210368
 100,97656
 63,63713
 74,145044
 24,56038
 74,194062
 68,159570
 43,26633
 11,78781
 69,198948
 98,199004
 16,167116
 79,315301
 50,305685
 79,59954
 63,70698
 91,240385
 77,106816
 61,297946
 61,211219
 22,312979
 28,303570
 21,57915
 98,78215
 92,277234
 9,50889
 67,283629
 86,262431
 81,205858
 47,301578
 80,314581
 66,188424
 64,44600
 73,255685
 34,92055
 17,151361
 13,146374
 2,95033
 58,117429
 39,240756
 54,318071
 27,1577
 19,90891
 62,172692
 40,137136
 78,129390
 95,208739
 90,180956
 53,84011
 18,309064
 64,256373
 20,40837
 98,305742
 2,41575
 81,143079
 16,205054
 57,60389
 68,123358
 10,100347
 54,232295
 18,313559
 17,41536
 32,191870
 65,7662
 7,54369
 42,229217
 76,291141
 64,238758
 90,202104
 38,225366
 61,60636
 100,26327
 59,99118
 59,205326
 89,279717
 91,189085
 59,249046
 10,141759
 79,221321
 19,135979
 87,148462
 55,226308
 39,256477
 61,214345
 70,109944
 45,116807
 23,85503
 52,21181
 87,85605
 80,39562
 13,221204
 84,99447
 70,98025
 34,12539
 97,83979
 56,254721
 23,141494
 36,282206
 25,183757
 39,191380
 17,181586
 84,25660
 7,132864
 8,100228
 14,296182
 47,54640
 38,279553
 3,5035
 28,94010
 55,110077
 55,298947
 89,225134
 20,80041
 15,268739
 8,19594
 40,8446
 90,293878
 6,169211
 39,78613
 58,298182
 11,13901
 46,307755
 27,293646
 54,94100
 58,39870
 2,64936
 57,266347
 49,170664
 7,269891
 75,210760
 50,272957
 10,299887
 11,253519
 29,84356
 32,13726
 23,32113
 77,285617
 99,71057
 51,91457
 10,235684
 58,201154
 50,213261
 76,8666
 8,270171
 15,132504
 20,63683
 22,85486
 27,26923
 51,145321
 26,176028
 58,161823
 9,246246
 76,197031
 66,123662
 48,117977
 86,49941
 34,75427
 1,178093
 14,199884
 70,259968
 20,317857
 6,154451
 1,63510
 8,154089
 80,186341
 14,157933
 12,42072
 46,72089
 6,221972
 40,252542
 37,220126
 46,209307
 23,212844
 33,98006
 1,128678
 99,57494
 56,94443
 78,51247
 13,308000
 100,96151
 60,118448
 45,131692
 67,83479
 46,58876
 20,198484
 38,147487
 68,145869
 87,88731
 38,21864
 47,291863
 27,7819
 50,221003
 74,174170
 71,313541
 80,229509
 87,191254
 99,275878
 52,168533
 24,155770
 93,242612
 12,59646
 96,132451
 31,310489
 57,250904
 72,19134
 62,207517
 47,73894
 27,278201
 83,20106
 66,185976
 73,228481
 4,21579
 73,318463
 89,240840
 83,315749
 31,185633
 63,182010
 88,109324
 45,72512
 55,161698
 66,239563
 39,283150
 78,160081
 89,86228
 88,163024
 13,226424
 98,165469
 3,306862
 18,63518
 17,118399
 79,265367
 50,127824
 99,242917
 37,85203
 17,282011
 89,274052
 31,10889
 30,263219
 29,170855
 37,130154
 89,227682
 88,46098
 86,170038
 38,280392
 89,77434
 93,317909
 12,134960
 47,14601
 99,84529
 32,282437
 86,79159
 72,149300
 7,84890
 49,312783
 73,148782
 19,1348
 50,290785
 1,285158
 35,78921
 71,139814
 95,95775
 75,230452
 62,102027
 64,32036
 75,146721
 96,295861
 2,115046
 49,19616
 39,129964
 55,261530
 38,316869
 93,3414
 94,273654
 8,179
 70,112626
 83,299975
 65,256532
 60,196261
 1,318868
 62,305555
 22,114570
 22,116971
 95,200781
 23,118946
 50,1187
 37,263410
 66,25614
 48,25943
 1,100517
 99,165986
 47,117255
 18,243108
 57,15877
 58,202315
 29,161979
 89,3200
 11,301097
 9,308126
 7,155085
 10,242214
 84,289507
 81,78165
 65,128170
 61,17568
 31,185793
 71,255425
 7,70551
 78,92385
 12,184092
 100,238220
 22,285993
 46,124790
 76,260876
 63,307831
 2,125749
 73,249586
 75,77808
 26,96390
 75,188211
 68,50977
 34,66570
 42,162585
 14,11095
 75,179505
 28,2569
 97,41448
 21,254404
 93,294286
 86,34775
 11,212359
 40,101194
 25,260959
 59,42783
 96,216930
 24,121826
 24,208101
 11,270737
 72,104439
 9,3223
 2,60579
 59,304324
 6,33441
 2,156643
 4,227159
 52,225657
 66,317898
 34,301893
 71,66063
 25,272101
 87,29105
 39,250079
 83,87465
 15,220652
 18,246555
 47,307435
 93,56991
 38,81320
 91,89080
 86,113486
 61,280429
 80,191872
 40,247630
 6,42311
 15,317149
 89,249716
 32,246447
 8,267236
 78,279177
 22,243373
 18,736
 87,210436
 20,7837
 42,14833
 71,190870
 77,228075
 57,14538
 11,210228
 44,32890
 65,67650
 87,96271
 50,212951
 85,142873
 85,80296
 5,136461
 45,161847
 91,290755
 69,85327
 86,303819
 98,75309
 93,140306
 43,295693
 10,77122
 61,286980
 27,58001
 21,128514
 7,65735
 20,34225
 81,145523
 47,130659
 44,204049
 67,81920
 38,290994
 27,144983
 27,91615
 55,137009
 43,110687
 77,67186
 19,72910
 3,94309
 44,99397
 42,172231
 9,168389
 66,246400
 100,260879
 65,19272
 96,252289
 41,150487
 2,32419
 59,52737
 69,99548
 69,177994
 55,130135
 33,235462
 68,93803
 90,188909
 88,120501
 64,121578
 16,67237
 56,244471
 19,37775
 87,111688
 88,214918
 100,145547
 86,26809
 40,232201
 85,318187
 36,55396
 64,19116
 51,40486
 43,245164
 79,177864
 93,65987
 9,46701
 37,177016
 43,140731
 22,204308
 93,311611
 19,55921
 24,140008
 65,141641
 88,3932
 6,27931
 85,20750
 93,140129
 23,167904
 42,161159
 94,108342
 48,174686
 72,154033
 42,211585
 22,189261
 20,210394
 43,251676
 63,106588
 38,192054
 46,293439
 67,59900
 91,226569
 69,285712
 8,141943
 26,89601
 99,225095
 18,315689
 87,73810
 10,137723
 66,105834
 59,274910
 87,10481
 39,299482
 12,30077
 86,273521
 47,301912
 13,254154
 89,79108
 44,245975
 19,248947
 61,301639
 3,21358
 82,33398
 45,196118
 79,80562
 86,48854
 17,286672
 52,244200
 51,162929
 55,287894
 75,205940
 70,300904
 3,109974
 85,272571
 93,246187
 54,261227
 51,218016
 34,282438
 29,15316
 61,203925
 8,68823
 67,7639
 30,150126
 64,27486
 24,36974
 92,50475
 93,257529
 54,304803
 16,161012
 98,279916
 42,34965
 58,120319
 57,175081
 2,311747
 91,185464
 77,8669
 96,236230
 59,94464
 25,102257
 95,80183
 89,158445
 85,268611
 23,208277
 24,255045
 61,120904
 27,80365
 27,298654
 9,73997
 50,308270
 76,46349
 45,76505
 71,318809
 10,311256
 40,314467
 72,38066
 6,202564
 32,27154
 100,6352
 26,174368
 68,172443
 68,82643
 79,196185
 14,175495
 37,274896
 34,280923
 49,109943
 58,39324
 26,137817
 71,208152
 2,15541
 41,95669
 63,153951
 10,261941
 61,36909
 85,111189
 17,238927
 2,83533
 43,219864
 67,11702
 29,119336
 9,135076
 79,161500
 82,261311
 39,12080
 17,31396
 76,48952
 64,170551
 8,58806
 97,13421
 18,250507
 49,87445
 33,112661
 45,203175
 38,201967
 61,107608
 76,227432
 45,315304
 4,173829
 60,30502
 39,76920
 40,164914
 78,249501
 88,7335
 53,212479
 54,8218
 62,25165
 73,143695
 52,293243
 90,194597
 72,160370
 13,106276
 97,284258
 98,316432
 72,282018
 32,160257
 80,245272
 90,85466
 75,253920
 52,158118
 65,279693
 46,118574
 20,146058
 100,276844
 73,79684
 90,75646
 38,177059
 66,256819
 18,177337
 28,151665
 28,26541
 15,20929
 44,209598
 61,148733
 32,26447
 98,175889
 34,246465
 10,262281
 90,148555
 43,231007
 95,257102
 32,34882
 35,248841
 41,221849
 46,243820
 23,70166
 73,225883
 68,246704
 61,12098
 18,88141
 56,273790
 53,241950
 78,119334
 39,24671
 3,66748
 74,219621
 97,316084
 75,201386
 69,317607
 89,231854
 95,277701
 7,105904
 75,80359
 9,161101
 93,220339
 93,280219
 24,28497
 17,45249
 51,285150
 38,289669
 97,48694
 56,236234
 13,103741
 100,213309
 67,165570
 5,112137
 20,183476
 51,197807
 59,11739
 1,10632
 50,241375
 68,171190
 39,202920
 36,284894
 46,23882
 83,250037
 65,82391
 90,48372
 79,167762
 61,83325
 21,89273
 45,135267
 8,5992
 83,251385
 97,245241
 94,282650
 2,246755
 11,162623
 39,148937
 9,36703
 64,226266
 10,32605
 18,178447
 31,250680
 26,310000
 96,136396
 20,303630
 93,165399
 10,242886
 64,249573
 69,157714
 5,40206
 78,119565
 59,183178
 13,315932
 45,296751
 95,173559
 23,261478
 65,102075
 82,169567
 44,78167
 92,32365
 13,24542
 93,239743
 28,130865
 92,324
 12,11892
 58,211630
 65,146222
 36,83969
 79,239238
 40,215968
 35,17529
 3,55724
 90,88927
 41,165171
 63,41132
 64,291498
 100,267284
 72,132596
 51,299311
 79,40659
 96,84061
 18,271268
 55,47481
 91,307054
 12,165119
 100,23867
 91,218605
 74,239812
 11,220921
 1,189940
 53,246518
 15,265918
 32,82651
 25,285325
 32,293459
 60,3140
 59,131623
 31,57500
 3,289885
 2,165871
 22,99713
 69,315683
 24,99524
 28,268258
 45,197705
 85,246293
 90,280514
 55,137527
 37,314622
 43,89676
 75,103739
 37,205408
 22,101032
 64,196925
 51,221663
 82,173389
 63,223542
 24,106083
 20,268042
 77,270084
 5,153636
 23,239280
 71,197783
 39,64319
 24,303991
 13,145203
 96,121709
 6,49579
 32,286454
 60,57474
 6,128606
 71,149923
 95,249329
 91,200171
 70,215387
 19,84060
 71,97999
 38,234166
 21,263877
 12,140127
 62,206111
 70,239266
 67,101286
 70,273472
 77,231301
 58,61565
 32,103206
 49,63353
 67,126949
 61,155696
 21,271872
 60,4788
 90,77746
 34,218937
 31,282080
 9,156764
 77,203120
 81,315429
 85,833
 98,240959
 17,40546
 83,233631
 45,162694
 61,161020
 37,55340
 76,319670
 59,283058
 75,15616
 88,41320
 28,67254
 3,131191
 72,303917
 52,155599
 43,72803
 79,311170
 34,152649
 33,153646
 100,60594
 9,105
 92,222201
 28,237280
 22,261144
 76,130124
 92,260899
 64,191125
 95,282509
 44,106716
 88,167988
 46,268274
 6,238832
 33,137731
 24,193376
 65,176691
 11,190396
 72,283688
 86,226757
 55,281200
 92,60304
 61,5666
 87,78436
 33,90169
 35,73638
 93,74564
 47,301623
 79,32738
 71,298282
 14,278936
 40,20989
 51,287732
 17,46838
 24,86095
 98,7698
 61,139872
 95,18204
 31,74753
 60,147930
 52,204328
 1,100732
 29,73148
 28,43608
 7,222187
 73,229772
 2,274502
 6,243393
 94,39624
 54,222937
 33,268312
 35,170295
 37,9161
 97,35191
 37,166236
 40,97805
 90,25528
 96,32905
 74,159705
 100,211735
 91,249353
 9,248205
 88,182057
 30,237692
 3,90925
 27,243830
 51,67552
 99,260779
 5,170663
 47,77883
 90,135171
 13,167504
 10,280806
 63,180404
